>AGGCCTGG     ZFX(Zf)/mES-Zfx-ChIP-Seq(GSE11431)/Homer     P:2.03e-114
0.922 0.001 0.076 0.001
0.001 0.001 0.997 0.001
0.001 0.001 0.997 0.001
0.001 0.997 0.001 0.001
0.001 0.997 0.001 0.001
0.001 0.113 0.001 0.885
0.358 0.138 0.36 0.144
0.188 0.198 0.533 0.081
>AGGGTGTGGC     KLF5(Zf)/LoVo-KLF5-ChIP-Seq(GSE49402)/Homer     P:7.76e-125
0.364 0.055 0.224 0.357
0.116 0.001 0.882 0.001
0.001 0.001 0.997 0.001
0.001 0.001 0.997 0.001
0.081 0.428 0.001 0.49
0.015 0.001 0.972 0.012
0.046 0.023 0.405 0.526
0.055 0.001 0.922 0.022
0.062 0.06 0.694 0.184
0.077 0.756 0.019 0.148
>TGGAACAGAA     ZNF189(Zf)/HEK293-ZNF189.GFP-ChIP-Seq(GSE58341)/Homer     P:7.76e-125
0.118 0.058 0.326 0.499
0.019 0.019 0.936 0.026
0.035 0.033 0.9 0.032
0.924 0.035 0.024 0.017
0.827 0.04 0.028 0.105
0.077 0.613 0.224 0.086
0.533 0.093 0.287 0.087
0.067 0.075 0.788 0.07
0.434 0.413 0.039 0.113
0.545 0.223 0.193 0.039
>CTAATGGC     Isl1(Homeobox)/Neuron-Isl1-ChIP-Seq(GSE31456)/Homer     P:1.71e-68
0.017 0.569 0.057 0.357
0.003 0.001 0.001 0.995
0.945 0.001 0.053 0.001
0.997 0.001 0.001 0.001
0.001 0.001 0.352 0.646
0.013 0.001 0.432 0.554
0.101 0.016 0.882 0.001
0.276 0.398 0.25 0.076
>GAGCCAGCTGGT     Ascl1(bHLH)/NeuralTubes-Ascl1-ChIP-Seq(GSE55840)/Homer     P:3.15e-83
0.259 0.228 0.272 0.241
0.218 0.27 0.25 0.263
0.288 0.318 0.337 0.057
0.271 0.315 0.324 0.089
0.078 0.848 0.059 0.015
0.847 0.001 0.001 0.151
0.062 0.085 0.69 0.163
0.233 0.495 0.238 0.034
0.101 0.066 0.063 0.77
0.002 0.001 0.918 0.079
0.079 0.365 0.284 0.272
0.2 0.277 0.202 0.322
>GCAGCTGGGC     HEB(bHLH)/mES-Heb-ChIP-Seq(GSE53233)/Homer     P:3.15e-83
0.335 0.338 0.292 0.036
0.046 0.79 0.104 0.06
0.777 0.054 0.071 0.098
0.112 0.239 0.513 0.136
0.05 0.537 0.342 0.071
0.093 0.049 0.115 0.743
0.018 0.017 0.936 0.029
0.041 0.265 0.372 0.322
0.191 0.282 0.263 0.264
0.264 0.282 0.205 0.249
>CCAGCTGGTT     Twist2(bHLH)/Myoblast-Twist2.Ty1-ChIP-Seq(GSE127998)/Homer     P:3.15e-83
0.335 0.338 0.292 0.036
0.046 0.79 0.104 0.06
0.777 0.054 0.071 0.098
0.112 0.239 0.513 0.136
0.05 0.537 0.342 0.071
0.093 0.049 0.115 0.743
0.018 0.017 0.936 0.029
0.041 0.265 0.372 0.322
0.191 0.282 0.263 0.264
0.264 0.282 0.205 0.249
>TGGGCGGGGC     KLF5(Zf)/LoVo-KLF5-ChIP-Seq(GSE49402)/Homer     P:3.15e-83
0.364 0.055 0.224 0.357
0.116 0.001 0.882 0.001
0.001 0.001 0.997 0.001
0.001 0.001 0.997 0.001
0.081 0.428 0.001 0.49
0.015 0.001 0.972 0.012
0.046 0.023 0.405 0.526
0.055 0.001 0.922 0.022
0.062 0.06 0.694 0.184
0.077 0.756 0.019 0.148
>GGGCCCCGCCCTTGG     KLF3(Zf)/MEF-Klf3-ChIP-Seq(GSE44748)/Homer     P:2.49e-57
0.223 0.264 0.217 0.295
0.255 0.211 0.371 0.163
0.385 0.001 0.613 0.001
0.001 0.997 0.001 0.001
0.001 0.716 0.001 0.282
0.408 0.59 0.001 0.001
0.001 0.997 0.001 0.001
0.521 0.001 0.477 0.001
0.001 0.997 0.001 0.001
0.001 0.997 0.001 0.001
0.001 0.997 0.001 0.001
0.308 0.327 0.001 0.364
0.17 0.327 0.217 0.286
0.198 0.258 0.283 0.261
0.223 0.302 0.245 0.23
>AGGCCCCACCCTTGC     KLF3(Zf)/MEF-Klf3-ChIP-Seq(GSE44748)/Homer     P:2.63e-56
0.223 0.264 0.217 0.295
0.255 0.211 0.371 0.163
0.385 0.001 0.613 0.001
0.001 0.997 0.001 0.001
0.001 0.716 0.001 0.282
0.408 0.59 0.001 0.001
0.001 0.997 0.001 0.001
0.521 0.001 0.477 0.001
0.001 0.997 0.001 0.001
0.001 0.997 0.001 0.001
0.001 0.997 0.001 0.001
0.308 0.327 0.001 0.364
0.17 0.327 0.217 0.286
0.198 0.258 0.283 0.261
0.223 0.302 0.245 0.23
>CCTTTGTT     Sox3(HMG)/NPC-Sox3-ChIP-Seq(GSE33059)/Homer     P:2.96e-49
0.019 0.695 0.147 0.139
0.032 0.705 0.003 0.26
0.481 0.001 0.001 0.517
0.001 0.001 0.001 0.997
0.001 0.001 0.001 0.997
0.007 0.027 0.843 0.123
0.056 0.001 0.113 0.83
0.076 0.33 0.185 0.409
>CAAGGTCATC     SF1(NR)/H295R-Nr5a1-ChIP-Seq(GSE44220)/Homer     P:2.07e-58
0.158 0.623 0.123 0.096
0.728 0.061 0.103 0.108
0.727 0.042 0.14 0.091
0.05 0.059 0.757 0.134
0.03 0.05 0.762 0.158
0.236 0.281 0.111 0.372
0.122 0.669 0.064 0.145
0.65 0.134 0.113 0.103
0.28 0.294 0.199 0.227
0.222 0.243 0.343 0.192
>GAACAATGGC     Sox15(HMG)/CPA-Sox15-ChIP-Seq(GSE62909)/Homer     P:1.02e-51
0.473 0.018 0.439 0.071
0.54 0.094 0.315 0.051
0.997 0.001 0.001 0.001
0.001 0.888 0.11 0.001
0.997 0.001 0.001 0.001
0.978 0.001 0.001 0.02
0.267 0.001 0.015 0.717
0.266 0.021 0.686 0.027
0.224 0.108 0.667 0.001
0.209 0.312 0.174 0.306
>TTCAAGGTCA     Nr5a2(NR)/mES-Nr5a2-ChIP-Seq(GSE19019)/Homer     P:3.36e-60
0.1 0.266 0.313 0.321
0.051 0.344 0.038 0.567
0.012 0.917 0.066 0.005
0.974 0.004 0.011 0.011
0.961 0.003 0.024 0.012
0.007 0.003 0.982 0.008
0.015 0.003 0.973 0.009
0.112 0.224 0.051 0.613
0.02 0.871 0.019 0.09
0.832 0.037 0.062 0.069
>TGCACGTG     NPAS(bHLH)/Liver-NPAS-ChIP-Seq(GSE39860)/Homer     P:3.2e-56
0.265 0.165 0.26 0.31
0.334 0.295 0.27 0.101
0.081 0.896 0.009 0.014
0.951 0.011 0.015 0.023
0.001 0.93 0.001 0.068
0.063 0.001 0.935 0.001
0.014 0.017 0.012 0.957
0.014 0.001 0.969 0.016
>GGGGTGTGGC     KLF5(Zf)/LoVo-KLF5-ChIP-Seq(GSE49402)/Homer     P:5.22e-51
0.364 0.055 0.224 0.357
0.116 0.001 0.882 0.001
0.001 0.001 0.997 0.001
0.001 0.001 0.997 0.001
0.081 0.428 0.001 0.49
0.015 0.001 0.972 0.012
0.046 0.023 0.405 0.526
0.055 0.001 0.922 0.022
0.062 0.06 0.694 0.184
0.077 0.756 0.019 0.148
>GTAACTGTCC     BMYB(HTH)/Hela-BMYB-ChIP-Seq(GSE27030)/Homer     P:2.12e-53
0.211 0.282 0.234 0.273
0.31 0.274 0.014 0.402
0.991 0.001 0.001 0.007
0.997 0.001 0.001 0.001
0.008 0.99 0.001 0.001
0.129 0.245 0.303 0.322
0.001 0.001 0.997 0.001
0.209 0.386 0.066 0.339
0.161 0.432 0.004 0.403
0.317 0.234 0.3 0.15
>GGGGTGGGGC     KLF5(Zf)/LoVo-KLF5-ChIP-Seq(GSE49402)/Homer     P:1.94e-57
0.364 0.055 0.224 0.357
0.116 0.001 0.882 0.001
0.001 0.001 0.997 0.001
0.001 0.001 0.997 0.001
0.081 0.428 0.001 0.49
0.015 0.001 0.972 0.012
0.046 0.023 0.405 0.526
0.055 0.001 0.922 0.022
0.062 0.06 0.694 0.184
0.077 0.756 0.019 0.148
>TGCCAGCT     HIC1(Zf)/Treg-ZBTB29-ChIP-Seq(GSE99889)/Homer     P:4.37e-35
0.007 0.041 0.001 0.951
0.05 0.001 0.944 0.005
0.005 0.76 0.217 0.018
0.01 0.952 0.014 0.024
0.813 0.18 0.003 0.004
0.146 0.242 0.522 0.09
0.052 0.68 0.164 0.104
0.097 0.282 0.379 0.242
>AAGCCCCGCCCAGCG     KLF3(Zf)/MEF-Klf3-ChIP-Seq(GSE44748)/Homer     P:1.87e-45
0.223 0.264 0.217 0.295
0.255 0.211 0.371 0.163
0.385 0.001 0.613 0.001
0.001 0.997 0.001 0.001
0.001 0.716 0.001 0.282
0.408 0.59 0.001 0.001
0.001 0.997 0.001 0.001
0.521 0.001 0.477 0.001
0.001 0.997 0.001 0.001
0.001 0.997 0.001 0.001
0.001 0.997 0.001 0.001
0.308 0.327 0.001 0.364
0.17 0.327 0.217 0.286
0.198 0.258 0.283 0.261
0.223 0.302 0.245 0.23
>TAGGTGTGAA     Tbx6(T-box)/ESC-Tbx6-ChIP-Seq(GSE93524)/Homer     P:1.87e-45
0.329 0.14 0.336 0.195
0.769 0.032 0.136 0.063
0.145 0.041 0.777 0.037
0.026 0.044 0.892 0.038
0.015 0.067 0.015 0.903
0.02 0.015 0.942 0.023
0.129 0.326 0.046 0.499
0.049 0.376 0.277 0.297
0.889 0.014 0.071 0.026
0.617 0.154 0.151 0.078
>TGGGCGTGGC     KLF5(Zf)/LoVo-KLF5-ChIP-Seq(GSE49402)/Homer     P:2.65e-36
0.364 0.055 0.224 0.357
0.116 0.001 0.882 0.001
0.001 0.001 0.997 0.001
0.001 0.001 0.997 0.001
0.081 0.428 0.001 0.49
0.015 0.001 0.972 0.012
0.046 0.023 0.405 0.526
0.055 0.001 0.922 0.022
0.062 0.06 0.694 0.184
0.077 0.756 0.019 0.148
>GCTAATCC     CRX(Homeobox)/Retina-Crx-ChIP-Seq(GSE20012)/Homer     P:3e-58
0.148 0.245 0.445 0.162
0.132 0.528 0.062 0.278
0.022 0.004 0.001 0.973
0.89 0.003 0.023 0.084
0.975 0.011 0.006 0.008
0.001 0.006 0.183 0.811
0.001 0.978 0.016 0.005
0.012 0.754 0.013 0.222
>GAGCCCCACCCCCCT     KLF3(Zf)/MEF-Klf3-ChIP-Seq(GSE44748)/Homer     P:2.45e-31
0.223 0.264 0.217 0.295
0.255 0.211 0.371 0.163
0.385 0.001 0.613 0.001
0.001 0.997 0.001 0.001
0.001 0.716 0.001 0.282
0.408 0.59 0.001 0.001
0.001 0.997 0.001 0.001
0.521 0.001 0.477 0.001
0.001 0.997 0.001 0.001
0.001 0.997 0.001 0.001
0.001 0.997 0.001 0.001
0.308 0.327 0.001 0.364
0.17 0.327 0.217 0.286
0.198 0.258 0.283 0.261
0.223 0.302 0.245 0.23
>TTCCCAGCTGCA     Ascl1(bHLH)/NeuralTubes-Ascl1-ChIP-Seq(GSE55840)/Homer     P:1.55e-36
0.259 0.228 0.272 0.241
0.218 0.27 0.25 0.263
0.288 0.318 0.337 0.057
0.271 0.315 0.324 0.089
0.078 0.848 0.059 0.015
0.847 0.001 0.001 0.151
0.062 0.085 0.69 0.163
0.233 0.495 0.238 0.034
0.101 0.066 0.063 0.77
0.002 0.001 0.918 0.079
0.079 0.365 0.284 0.272
0.2 0.277 0.202 0.322
>CCAGCTGCAC     HEB(bHLH)/mES-Heb-ChIP-Seq(GSE53233)/Homer     P:1.55e-36
0.335 0.338 0.292 0.036
0.046 0.79 0.104 0.06
0.777 0.054 0.071 0.098
0.112 0.239 0.513 0.136
0.05 0.537 0.342 0.071
0.093 0.049 0.115 0.743
0.018 0.017 0.936 0.029
0.041 0.265 0.372 0.322
0.191 0.282 0.263 0.264
0.264 0.282 0.205 0.249
>TGGGTGTGGC     KLF5(Zf)/LoVo-KLF5-ChIP-Seq(GSE49402)/Homer     P:8.24e-46
0.364 0.055 0.224 0.357
0.116 0.001 0.882 0.001
0.001 0.001 0.997 0.001
0.001 0.001 0.997 0.001
0.081 0.428 0.001 0.49
0.015 0.001 0.972 0.012
0.046 0.023 0.405 0.526
0.055 0.001 0.922 0.022
0.062 0.06 0.694 0.184
0.077 0.756 0.019 0.148
>AGCTGACAGG     Meis1(Homeobox)/MastCells-Meis1-ChIP-Seq(GSE48085)/Homer     P:1.47e-34
0.278 0.232 0.365 0.126
0.174 0.267 0.421 0.138
0.126 0.665 0.208 0.001
0.001 0.001 0.001 0.997
0.001 0.001 0.997 0.001
0.465 0.001 0.001 0.533
0.001 0.997 0.001 0.001
0.997 0.001 0.001 0.001
0.255 0.325 0.369 0.05
0.001 0.402 0.267 0.331
>ACAGGTGGGC     ZEB1(Zf)/PDAC-ZEB1-ChIP-Seq(GSE64557)/Homer     P:1.47e-34
0.371 0.355 0.244 0.03
0.01 0.988 0.001 0.001
0.997 0.001 0.001 0.001
0.001 0.009 0.989 0.001
0.001 0.001 0.996 0.002
0.001 0.001 0.001 0.997
0.469 0.001 0.529 0.001
0.279 0.15 0.23 0.34
0.399 0.208 0.269 0.124
0.046 0.382 0.22 0.352
>GTCACGTG     CLOCK(bHLH)/Liver-Clock-ChIP-Seq(GSE39860)/Homer     P:2.26e-36
0.209 0.162 0.449 0.18
0.24 0.235 0.249 0.275
0.027 0.961 0.007 0.005
0.984 0.001 0.004 0.011
0.002 0.929 0.001 0.068
0.095 0.019 0.885 0.001
0.008 0.015 0.002 0.975
0.004 0.002 0.96 0.034
>CCTGGAATGC     TEAD(TEA)/Fibroblast-PU.1-ChIP-Seq(Unpublished)/Homer     P:2.26e-36
0.061 0.485 0.296 0.158
0.046 0.804 0.036 0.114
0.471 0.006 0.036 0.487
0.025 0.001 0.973 0.001
0.001 0.001 0.997 0.001
0.914 0.017 0.001 0.068
0.997 0.001 0.001 0.001
0.001 0.005 0.001 0.993
0.001 0.027 0.787 0.185
0.001 0.443 0.001 0.555
>GTCACGTGGT     Usf2(bHLH)/C2C12-Usf2-ChIP-Seq(GSE36030)/Homer     P:2.26e-36
0.391 0.041 0.544 0.024
0.116 0.137 0.147 0.6
0.001 0.997 0.001 0.001
0.858 0.059 0.082 0.001
0.001 0.776 0.071 0.152
0.3 0.021 0.678 0.001
0.136 0.017 0.001 0.846
0.028 0.001 0.97 0.001
0.225 0.162 0.4 0.212
0.129 0.258 0.193 0.42
>GCAACTGCTG     BMYB(HTH)/Hela-BMYB-ChIP-Seq(GSE27030)/Homer     P:5.39e-34
0.211 0.282 0.234 0.273
0.31 0.274 0.014 0.402
0.991 0.001 0.001 0.007
0.997 0.001 0.001 0.001
0.008 0.99 0.001 0.001
0.129 0.245 0.303 0.322
0.001 0.001 0.997 0.001
0.209 0.386 0.066 0.339
0.161 0.432 0.004 0.403
0.317 0.234 0.3 0.15
>CTCAGCAGGGGG     Zic2(Zf)/ESC-Zic2-ChIP-Seq(SRP197560)/Homer     P:4.24e-34
0.067 0.902 0.03 0.001
0.373 0.26 0.113 0.253
0.001 0.997 0.001 0.001
0.792 0.076 0.045 0.087
0.012 0.001 0.986 0.001
0.001 0.924 0.001 0.074
0.549 0.001 0.428 0.022
0.022 0.001 0.885 0.092
0.001 0.001 0.997 0.001
0.374 0.025 0.507 0.094
0.176 0.202 0.557 0.065
0.275 0.14 0.462 0.123
>CACAGCAGGGGG     Zic2(Zf)/ESC-Zic2-ChIP-Seq(SRP197560)/Homer     P:7.02e-45
0.067 0.902 0.03 0.001
0.373 0.26 0.113 0.253
0.001 0.997 0.001 0.001
0.792 0.076 0.045 0.087
0.012 0.001 0.986 0.001
0.001 0.924 0.001 0.074
0.549 0.001 0.428 0.022
0.022 0.001 0.885 0.092
0.001 0.001 0.997 0.001
0.374 0.025 0.507 0.094
0.176 0.202 0.557 0.065
0.275 0.14 0.462 0.123
>ACCCAGAGAGGC     ZNF768(Zf)/Rajj-ZNF768-ChIP-Seq(GSE111879)/Homer     P:3.09e-40
0.355 0.143 0.465 0.036
0.359 0.322 0.071 0.248
0.356 0.251 0.072 0.321
0.001 0.929 0.035 0.035
0.963 0.001 0.001 0.035
0.001 0.036 0.962 0.001
0.713 0.143 0.143 0.001
0.214 0.106 0.609 0.071
0.75 0.035 0.107 0.108
0.107 0.107 0.644 0.142
0.109 0.178 0.535 0.178
0.142 0.213 0.36 0.285
>GCCACACCCA     Klf4(Zf)/mES-Klf4-ChIP-Seq(GSE11431)/Homer     P:2.64e-30
0.163 0.004 0.827 0.006
0.061 0.907 0.014 0.017
0.001 0.994 0.001 0.004
0.859 0.132 0.008 0.001
0.001 0.997 0.001 0.001
0.855 0.001 0.143 0.001
0.001 0.997 0.001 0.001
0.001 0.997 0.001 0.001
0.001 0.997 0.001 0.001
0.764 0.083 0.006 0.147
>CTGTCTGG     Smad2(MAD)/ES-SMAD2-ChIP-Seq(GSE29422)/Homer     P:2.65e-30
0.133 0.479 0.205 0.184
0.132 0.336 0.044 0.488
0.001 0.001 0.992 0.006
0.057 0.018 0.06 0.865
0.014 0.951 0.01 0.025
0.01 0.018 0.081 0.891
0.123 0.123 0.743 0.011
0.082 0.282 0.592 0.044
>AGCTGTCTGG     Smad4(MAD)/ESC-SMAD4-ChIP-Seq(GSE29422)/Homer     P:8.57e-28
0.225 0.237 0.359 0.179
0.161 0.319 0.33 0.191
0.175 0.366 0.288 0.171
0.097 0.468 0.001 0.433
0.001 0.001 0.997 0.001
0.001 0.001 0.001 0.997
0.001 0.997 0.001 0.001
0.001 0.001 0.001 0.997
0.16 0.001 0.838 0.001
0.001 0.358 0.519 0.122
>CCTTTGTTCT     Sox10(HMG)/SciaticNerve-Sox3-ChIP-Seq(GSE35132)/Homer     P:1.41e-16
0.018 0.444 0.275 0.262
0.001 0.887 0.001 0.111
0.47 0.033 0.001 0.497
0.001 0.036 0.001 0.962
0.001 0.001 0.001 0.997
0.015 0.004 0.98 0.001
0.012 0.001 0.001 0.986
0.074 0.285 0.226 0.415
0.184 0.396 0.169 0.251
0.13 0.313 0.317 0.24
>CAAACTGTTG     BMYB(HTH)/Hela-BMYB-ChIP-Seq(GSE27030)/Homer     P:3.29e-38
0.211 0.282 0.234 0.273
0.31 0.274 0.014 0.402
0.991 0.001 0.001 0.007
0.997 0.001 0.001 0.001
0.008 0.99 0.001 0.001
0.129 0.245 0.303 0.322
0.001 0.001 0.997 0.001
0.209 0.386 0.066 0.339
0.161 0.432 0.004 0.403
0.317 0.234 0.3 0.15
>CGGCCCCACCCAGCT     KLF3(Zf)/MEF-Klf3-ChIP-Seq(GSE44748)/Homer     P:2.65e-30
0.223 0.264 0.217 0.295
0.255 0.211 0.371 0.163
0.385 0.001 0.613 0.001
0.001 0.997 0.001 0.001
0.001 0.716 0.001 0.282
0.408 0.59 0.001 0.001
0.001 0.997 0.001 0.001
0.521 0.001 0.477 0.001
0.001 0.997 0.001 0.001
0.001 0.997 0.001 0.001
0.001 0.997 0.001 0.001
0.308 0.327 0.001 0.364
0.17 0.327 0.217 0.286
0.198 0.258 0.283 0.261
0.223 0.302 0.245 0.23
>ATGGGTGGGGCT     KLF1(Zf)/HUDEP2-KLF1-CutnRun(GSE136251)/Homer     P:2.78e-37
0.267 0.255 0.359 0.118
0.321 0.021 0.37 0.288
0.139 0.001 0.859 0.001
0.001 0.001 0.997 0.001
0.001 0.001 0.997 0.001
0.046 0.495 0.001 0.458
0.001 0.001 0.997 0.001
0.001 0.001 0.7 0.298
0.158 0.001 0.84 0.001
0.102 0.054 0.75 0.094
0.001 0.821 0.001 0.177
0.207 0.396 0.114 0.283
>TGGGTGGGGC     KLF5(Zf)/LoVo-KLF5-ChIP-Seq(GSE49402)/Homer     P:2.78e-37
0.364 0.055 0.224 0.357
0.116 0.001 0.882 0.001
0.001 0.001 0.997 0.001
0.001 0.001 0.997 0.001
0.081 0.428 0.001 0.49
0.015 0.001 0.972 0.012
0.046 0.023 0.405 0.526
0.055 0.001 0.922 0.022
0.062 0.06 0.694 0.184
0.077 0.756 0.019 0.148
>CTGGGCGGGGCC     KLF1(Zf)/HUDEP2-KLF1-CutnRun(GSE136251)/Homer     P:2.35e-17
0.267 0.255 0.359 0.118
0.321 0.021 0.37 0.288
0.139 0.001 0.859 0.001
0.001 0.001 0.997 0.001
0.001 0.001 0.997 0.001
0.046 0.495 0.001 0.458
0.001 0.001 0.997 0.001
0.001 0.001 0.7 0.298
0.158 0.001 0.84 0.001
0.102 0.054 0.75 0.094
0.001 0.821 0.001 0.177
0.207 0.396 0.114 0.283
>CCTAATCCTC     Otx2(Homeobox)/EpiLC-Otx2-ChIP-Seq(GSE56098)/Homer     P:1.34e-26
0.196 0.271 0.336 0.198
0.158 0.348 0.078 0.416
0.093 0.001 0.001 0.905
0.969 0.001 0.001 0.029
0.997 0.001 0.001 0.001
0.041 0.001 0.089 0.869
0.007 0.924 0.001 0.068
0.01 0.781 0.007 0.202
0.159 0.405 0.082 0.355
0.124 0.283 0.236 0.356
>CAGCCCCACCCTCAG     KLF3(Zf)/MEF-Klf3-ChIP-Seq(GSE44748)/Homer     P:3.43e-30
0.223 0.264 0.217 0.295
0.255 0.211 0.371 0.163
0.385 0.001 0.613 0.001
0.001 0.997 0.001 0.001
0.001 0.716 0.001 0.282
0.408 0.59 0.001 0.001
0.001 0.997 0.001 0.001
0.521 0.001 0.477 0.001
0.001 0.997 0.001 0.001
0.001 0.997 0.001 0.001
0.001 0.997 0.001 0.001
0.308 0.327 0.001 0.364
0.17 0.327 0.217 0.286
0.198 0.258 0.283 0.261
0.223 0.302 0.245 0.23
>CCTCCCCCACAC     WT1(Zf)/Kidney-WT1-ChIP-Seq(GSE90016)/Homer     P:9.98e-20
0.397 0.45 0.042 0.111
0.033 0.93 0.001 0.036
0.025 0.013 0.049 0.913
0.001 0.997 0.001 0.001
0.001 0.997 0.001 0.001
0.001 0.929 0.001 0.069
0.554 0.438 0.007 0.001
0.005 0.979 0.001 0.015
0.451 0.008 0.391 0.151
0.001 0.802 0.132 0.065
0.489 0.218 0.077 0.216
0.108 0.276 0.29 0.325
>CAGCCCCGCCCACCC     KLF3(Zf)/MEF-Klf3-ChIP-Seq(GSE44748)/Homer     P:5.75e-18
0.223 0.264 0.217 0.295
0.255 0.211 0.371 0.163
0.385 0.001 0.613 0.001
0.001 0.997 0.001 0.001
0.001 0.716 0.001 0.282
0.408 0.59 0.001 0.001
0.001 0.997 0.001 0.001
0.521 0.001 0.477 0.001
0.001 0.997 0.001 0.001
0.001 0.997 0.001 0.001
0.001 0.997 0.001 0.001
0.308 0.327 0.001 0.364
0.17 0.327 0.217 0.286
0.198 0.258 0.283 0.261
0.223 0.302 0.245 0.23
>CCACATTCCA     TEAD1(TEAD)/HepG2-TEAD1-ChIP-Seq(Encode)/Homer     P:7.5e-29
0.227 0.44 0.176 0.157
0.021 0.439 0.103 0.436
0.52 0.001 0.478 0.001
0.087 0.892 0.02 0.001
0.997 0.001 0.001 0.001
0.001 0.001 0.001 0.997
0.001 0.001 0.001 0.997
0.001 0.997 0.001 0.001
0.001 0.997 0.001 0.001
0.6 0.001 0.032 0.367
>CTAATTGC     Isl1(Homeobox)/Neuron-Isl1-ChIP-Seq(GSE31456)/Homer     P:4.7e-17
0.017 0.569 0.057 0.357
0.003 0.001 0.001 0.995
0.945 0.001 0.053 0.001
0.997 0.001 0.001 0.001
0.001 0.001 0.352 0.646
0.013 0.001 0.432 0.554
0.101 0.016 0.882 0.001
0.276 0.398 0.25 0.076
>CGGGGTGGGGCC     KLF1(Zf)/HUDEP2-KLF1-CutnRun(GSE136251)/Homer     P:7.74e-21
0.267 0.255 0.359 0.118
0.321 0.021 0.37 0.288
0.139 0.001 0.859 0.001
0.001 0.001 0.997 0.001
0.001 0.001 0.997 0.001
0.046 0.495 0.001 0.458
0.001 0.001 0.997 0.001
0.001 0.001 0.7 0.298
0.158 0.001 0.84 0.001
0.102 0.054 0.75 0.094
0.001 0.821 0.001 0.177
0.207 0.396 0.114 0.283
>GGGCCCCACCCCCGC     KLF3(Zf)/MEF-Klf3-ChIP-Seq(GSE44748)/Homer     P:3.31e-28
0.223 0.264 0.217 0.295
0.255 0.211 0.371 0.163
0.385 0.001 0.613 0.001
0.001 0.997 0.001 0.001
0.001 0.716 0.001 0.282
0.408 0.59 0.001 0.001
0.001 0.997 0.001 0.001
0.521 0.001 0.477 0.001
0.001 0.997 0.001 0.001
0.001 0.997 0.001 0.001
0.001 0.997 0.001 0.001
0.308 0.327 0.001 0.364
0.17 0.327 0.217 0.286
0.198 0.258 0.283 0.261
0.223 0.302 0.245 0.23
>TTGTCAGT     Tgif1(Homeobox)/mES-Tgif1-ChIP-Seq(GSE55404)/Homer     P:6.95e-23
0.114 0.38 0.09 0.415
0.043 0.023 0.008 0.926
0.079 0.037 0.81 0.074
0.443 0.016 0.02 0.521
0.034 0.892 0.026 0.048
0.794 0.057 0.109 0.04
0.248 0.121 0.336 0.295
0.215 0.385 0.155 0.245
>AGATAACA     GATA3(Zf)/iTreg-Gata3-ChIP-Seq(GSE20898)/Homer     P:5.14e-25
0.662 0.066 0.006 0.266
0.001 0.007 0.991 0.001
0.989 0.004 0.001 0.006
0.002 0.023 0.001 0.974
0.825 0.061 0.011 0.103
0.778 0.048 0.129 0.045
0.184 0.401 0.348 0.067
0.433 0.167 0.359 0.041
>GCCACACCCACC     Klf9(Zf)/GBM-Klf9-ChIP-Seq(GSE62211)/Homer     P:5.43e-23
0.12 0.024 0.833 0.023
0.112 0.819 0.043 0.026
0.005 0.99 0.001 0.004
0.794 0.191 0.012 0.003
0.005 0.99 0.002 0.003
0.428 0.001 0.528 0.043
0.002 0.996 0.001 0.001
0.001 0.995 0.003 0.001
0.001 0.982 0.001 0.016
0.701 0.261 0.001 0.037
0.009 0.906 0.02 0.065
0.127 0.362 0.047 0.465
>CTGTCAGC     Tgif1(Homeobox)/mES-Tgif1-ChIP-Seq(GSE55404)/Homer     P:5.43e-23
0.114 0.38 0.09 0.415
0.043 0.023 0.008 0.926
0.079 0.037 0.81 0.074
0.443 0.016 0.02 0.521
0.034 0.892 0.026 0.048
0.794 0.057 0.109 0.04
0.248 0.121 0.336 0.295
0.215 0.385 0.155 0.245
>TGTCAGCT     Tgif2(Homeobox)/mES-Tgif2-ChIP-Seq(GSE55404)/Homer     P:5.43e-23
0.006 0.106 0.009 0.879
0.037 0.007 0.885 0.071
0.323 0.152 0.021 0.504
0.024 0.942 0.003 0.031
0.795 0.098 0.079 0.028
0.266 0.182 0.303 0.249
0.211 0.368 0.203 0.219
0.135 0.177 0.185 0.503
>GGGGCGTGGC     KLF5(Zf)/LoVo-KLF5-ChIP-Seq(GSE49402)/Homer     P:2.28e-23
0.364 0.055 0.224 0.357
0.116 0.001 0.882 0.001
0.001 0.001 0.997 0.001
0.001 0.001 0.997 0.001
0.081 0.428 0.001 0.49
0.015 0.001 0.972 0.012
0.046 0.023 0.405 0.526
0.055 0.001 0.922 0.022
0.062 0.06 0.694 0.184
0.077 0.756 0.019 0.148
>CGGCCAGCTGGA     Ascl1(bHLH)/NeuralTubes-Ascl1-ChIP-Seq(GSE55840)/Homer     P:4.07e-13
0.259 0.228 0.272 0.241
0.218 0.27 0.25 0.263
0.288 0.318 0.337 0.057
0.271 0.315 0.324 0.089
0.078 0.848 0.059 0.015
0.847 0.001 0.001 0.151
0.062 0.085 0.69 0.163
0.233 0.495 0.238 0.034
0.101 0.066 0.063 0.77
0.002 0.001 0.918 0.079
0.079 0.365 0.284 0.272
0.2 0.277 0.202 0.322
>CCAGCTGGAG     HEB(bHLH)/mES-Heb-ChIP-Seq(GSE53233)/Homer     P:4.07e-13
0.335 0.338 0.292 0.036
0.046 0.79 0.104 0.06
0.777 0.054 0.071 0.098
0.112 0.239 0.513 0.136
0.05 0.537 0.342 0.071
0.093 0.049 0.115 0.743
0.018 0.017 0.936 0.029
0.041 0.265 0.372 0.322
0.191 0.282 0.263 0.264
0.264 0.282 0.205 0.249
>AGTGGGCGTGGC     KLF14(Zf)/HEK293-KLF14.GFP-ChIP-Seq(GSE58341)/Homer     P:7.63e-29
0.343 0.076 0.426 0.155
0.169 0.049 0.747 0.035
0.086 0.008 0.42 0.485
0.027 0.009 0.963 0.001
0.001 0.001 0.997 0.001
0.001 0.001 0.997 0.001
0.141 0.628 0.001 0.23
0.026 0.001 0.968 0.005
0.003 0.006 0.499 0.492
0.166 0.016 0.765 0.053
0.214 0.121 0.586 0.079
0.073 0.579 0.181 0.167
>TGCCAGCC     HIC1(Zf)/Treg-ZBTB29-ChIP-Seq(GSE99889)/Homer     P:3.3e-27
0.007 0.041 0.001 0.951
0.05 0.001 0.944 0.005
0.005 0.76 0.217 0.018
0.01 0.952 0.014 0.024
0.813 0.18 0.003 0.004
0.146 0.242 0.522 0.09
0.052 0.68 0.164 0.104
0.097 0.282 0.379 0.242
>GGGCCCCGCCCATCA     KLF3(Zf)/MEF-Klf3-ChIP-Seq(GSE44748)/Homer     P:3.3e-27
0.223 0.264 0.217 0.295
0.255 0.211 0.371 0.163
0.385 0.001 0.613 0.001
0.001 0.997 0.001 0.001
0.001 0.716 0.001 0.282
0.408 0.59 0.001 0.001
0.001 0.997 0.001 0.001
0.521 0.001 0.477 0.001
0.001 0.997 0.001 0.001
0.001 0.997 0.001 0.001
0.001 0.997 0.001 0.001
0.308 0.327 0.001 0.364
0.17 0.327 0.217 0.286
0.198 0.258 0.283 0.261
0.223 0.302 0.245 0.23
>AGCCGTCTGG     Smad4(MAD)/ESC-SMAD4-ChIP-Seq(GSE29422)/Homer     P:3.3e-27
0.225 0.237 0.359 0.179
0.161 0.319 0.33 0.191
0.175 0.366 0.288 0.171
0.097 0.468 0.001 0.433
0.001 0.001 0.997 0.001
0.001 0.001 0.001 0.997
0.001 0.997 0.001 0.001
0.001 0.001 0.001 0.997
0.16 0.001 0.838 0.001
0.001 0.358 0.519 0.122
>CGGCCCCGCCCTTCC     KLF3(Zf)/MEF-Klf3-ChIP-Seq(GSE44748)/Homer     P:1.37e-25
0.223 0.264 0.217 0.295
0.255 0.211 0.371 0.163
0.385 0.001 0.613 0.001
0.001 0.997 0.001 0.001
0.001 0.716 0.001 0.282
0.408 0.59 0.001 0.001
0.001 0.997 0.001 0.001
0.521 0.001 0.477 0.001
0.001 0.997 0.001 0.001
0.001 0.997 0.001 0.001
0.001 0.997 0.001 0.001
0.308 0.327 0.001 0.364
0.17 0.327 0.217 0.286
0.198 0.258 0.283 0.261
0.223 0.302 0.245 0.23
>TGAGGTCA     THRb(NR)/Liver-NR1A2-ChIP-Seq(GSE52613)/Homer     P:1.37e-25
0.261 0.238 0.045 0.457
0.313 0.174 0.432 0.082
0.799 0.001 0.199 0.001
0.001 0.025 0.973 0.001
0.001 0.016 0.915 0.068
0.204 0.051 0.058 0.687
0.038 0.883 0.036 0.043
0.972 0.001 0.026 0.001
>CTGTTTAC     Foxo1(Forkhead)/RAW-Foxo1-ChIP-Seq(Fan_et_al.)/Homer     P:2.94e-16
0.05 0.583 0.184 0.184
0.001 0.001 0.001 0.997
0.001 0.001 0.997 0.001
0.001 0.117 0.001 0.881
0.001 0.001 0.001 0.997
0.001 0.001 0.183 0.815
0.769 0.175 0.001 0.055
0.001 0.897 0.001 0.101
>ATCTGTTTACAC     FOXP1(Forkhead)/H9-FOXP1-ChIP-Seq(GSE31006)/Homer     P:2.94e-16
0.226 0.242 0.226 0.306
0.164 0.337 0.18 0.32
0.046 0.385 0.23 0.339
0.001 0.001 0.001 0.997
0.022 0.001 0.976 0.001
0.001 0.001 0.001 0.997
0.001 0.001 0.001 0.997
0.001 0.001 0.001 0.997
0.997 0.001 0.001 0.001
0.001 0.873 0.002 0.124
0.282 0.312 0.099 0.308
0.313 0.197 0.224 0.266
>AACCAGCTGG     BHLHA15(bHLH)/NIH3T3-BHLHB8.HA-ChIP-Seq(GSE119782)/Homer     P:4.87e-18
0.322 0.237 0.217 0.223
0.419 0.25 0.207 0.123
0.33 0.268 0.115 0.287
0.014 0.955 0.014 0.017
0.941 0.017 0.018 0.024
0.02 0.02 0.913 0.047
0.06 0.899 0.021 0.02
0.022 0.019 0.017 0.942
0.017 0.016 0.954 0.013
0.244 0.1 0.288 0.368
>CCAGCTGGCC     Twist2(bHLH)/Myoblast-Twist2.Ty1-ChIP-Seq(GSE127998)/Homer     P:4.87e-18
0.335 0.338 0.292 0.036
0.046 0.79 0.104 0.06
0.777 0.054 0.071 0.098
0.112 0.239 0.513 0.136
0.05 0.537 0.342 0.071
0.093 0.049 0.115 0.743
0.018 0.017 0.936 0.029
0.041 0.265 0.372 0.322
0.191 0.282 0.263 0.264
0.264 0.282 0.205 0.249
>ACCAGCTG     SCL(bHLH)/HPC7-Scl-ChIP-Seq(GSE13511)/Homer     P:4.87e-18
0.435 0.178 0.199 0.188
0.261 0.239 0.379 0.121
0.011 0.983 0.003 0.003
0.672 0.047 0.044 0.237
0.01 0.039 0.704 0.247
0.258 0.66 0.078 0.004
0.23 0.035 0.008 0.727
0.037 0.005 0.765 0.193
>GAAACCGCTG     BMYB(HTH)/Hela-BMYB-ChIP-Seq(GSE27030)/Homer     P:7.32e-16
0.211 0.282 0.234 0.273
0.31 0.274 0.014 0.402
0.991 0.001 0.001 0.007
0.997 0.001 0.001 0.001
0.008 0.99 0.001 0.001
0.129 0.245 0.303 0.322
0.001 0.001 0.997 0.001
0.209 0.386 0.066 0.339
0.161 0.432 0.004 0.403
0.317 0.234 0.3 0.15
>TTCCCAGCTGTT     Ascl1(bHLH)/NeuralTubes-Ascl1-ChIP-Seq(GSE55840)/Homer     P:8.71e-16
0.259 0.228 0.272 0.241
0.218 0.27 0.25 0.263
0.288 0.318 0.337 0.057
0.271 0.315 0.324 0.089
0.078 0.848 0.059 0.015
0.847 0.001 0.001 0.151
0.062 0.085 0.69 0.163
0.233 0.495 0.238 0.034
0.101 0.066 0.063 0.77
0.002 0.001 0.918 0.079
0.079 0.365 0.284 0.272
0.2 0.277 0.202 0.322
>CCAGCTGTTT     Twist2(bHLH)/Myoblast-Twist2.Ty1-ChIP-Seq(GSE127998)/Homer     P:8.71e-16
0.335 0.338 0.292 0.036
0.046 0.79 0.104 0.06
0.777 0.054 0.071 0.098
0.112 0.239 0.513 0.136
0.05 0.537 0.342 0.071
0.093 0.049 0.115 0.743
0.018 0.017 0.936 0.029
0.041 0.265 0.372 0.322
0.191 0.282 0.263 0.264
0.264 0.282 0.205 0.249
>TCCACGTG     NPAS(bHLH)/Liver-NPAS-ChIP-Seq(GSE39860)/Homer     P:1.41e-16
0.327 0.218 0.319 0.135
0.115 0.6 0.224 0.061
0.022 0.95 0.017 0.012
0.89 0.001 0.094 0.015
0.001 0.996 0.001 0.002
0.001 0.001 0.997 0.001
0.002 0.08 0.001 0.917
0.013 0.008 0.953 0.026
>GAACAGCTGT     Myf5(bHLH)/GM-Myf5-ChIP-Seq(GSE24852)/Homer     P:1.68e-18
0.322 0.237 0.217 0.223
0.419 0.25 0.207 0.123
0.33 0.268 0.115 0.287
0.014 0.955 0.014 0.017
0.941 0.017 0.018 0.024
0.02 0.02 0.913 0.047
0.06 0.899 0.021 0.02
0.022 0.019 0.017 0.942
0.017 0.016 0.954 0.013
0.244 0.1 0.288 0.368
>AGAACAGCTGTT     Ascl1(bHLH)/NeuralTubes-Ascl1-ChIP-Seq(GSE55840)/Homer     P:1.68e-18
0.259 0.228 0.272 0.241
0.218 0.27 0.25 0.263
0.288 0.318 0.337 0.057
0.271 0.315 0.324 0.089
0.078 0.848 0.059 0.015
0.847 0.001 0.001 0.151
0.062 0.085 0.69 0.163
0.233 0.495 0.238 0.034
0.101 0.066 0.063 0.77
0.002 0.001 0.918 0.079
0.079 0.365 0.284 0.272
0.2 0.277 0.202 0.322
>GTGGCAGCTGCT     Ascl1(bHLH)/NeuralTubes-Ascl1-ChIP-Seq(GSE55840)/Homer     P:1.68e-18
0.259 0.228 0.272 0.241
0.218 0.27 0.25 0.263
0.288 0.318 0.337 0.057
0.271 0.315 0.324 0.089
0.078 0.848 0.059 0.015
0.847 0.001 0.001 0.151
0.062 0.085 0.69 0.163
0.233 0.495 0.238 0.034
0.101 0.066 0.063 0.77
0.002 0.001 0.918 0.079
0.079 0.365 0.284 0.272
0.2 0.277 0.202 0.322
>GCAGCTGCTG     HEB(bHLH)/mES-Heb-ChIP-Seq(GSE53233)/Homer     P:1.68e-18
0.335 0.338 0.292 0.036
0.046 0.79 0.104 0.06
0.777 0.054 0.071 0.098
0.112 0.239 0.513 0.136
0.05 0.537 0.342 0.071
0.093 0.049 0.115 0.743
0.018 0.017 0.936 0.029
0.041 0.265 0.372 0.322
0.191 0.282 0.263 0.264
0.264 0.282 0.205 0.249
>ACAGCTGTTT     Twist2(bHLH)/Myoblast-Twist2.Ty1-ChIP-Seq(GSE127998)/Homer     P:1.68e-18
0.335 0.338 0.292 0.036
0.046 0.79 0.104 0.06
0.777 0.054 0.071 0.098
0.112 0.239 0.513 0.136
0.05 0.537 0.342 0.071
0.093 0.049 0.115 0.743
0.018 0.017 0.936 0.029
0.041 0.265 0.372 0.322
0.191 0.282 0.263 0.264
0.264 0.282 0.205 0.249
>AACAGCTG     SCL(bHLH)/HPC7-Scl-ChIP-Seq(GSE13511)/Homer     P:3.96e-25
0.572 0.131 0.282 0.015
0.741 0.046 0.212 0.001
0.001 0.997 0.001 0.001
0.997 0.001 0.001 0.001
0.004 0.001 0.994 0.001
0.01 0.927 0.054 0.009
0.001 0.001 0.001 0.997
0.001 0.001 0.997 0.001
>TGTCATTT     Tgif2(Homeobox)/mES-Tgif2-ChIP-Seq(GSE55404)/Homer     P:4.04e-26
0.006 0.106 0.009 0.879
0.037 0.007 0.885 0.071
0.323 0.152 0.021 0.504
0.024 0.942 0.003 0.031
0.795 0.098 0.079 0.028
0.266 0.182 0.303 0.249
0.211 0.368 0.203 0.219
0.135 0.177 0.185 0.503
>AACACGTG     NPAS(bHLH)/Liver-NPAS-ChIP-Seq(GSE39860)/Homer     P:6.71e-19
0.265 0.165 0.26 0.31
0.334 0.295 0.27 0.101
0.081 0.896 0.009 0.014
0.951 0.011 0.015 0.023
0.001 0.93 0.001 0.068
0.063 0.001 0.935 0.001
0.014 0.017 0.012 0.957
0.014 0.001 0.969 0.016
>GGGGGCGGGGCC     KLF1(Zf)/HUDEP2-KLF1-CutnRun(GSE136251)/Homer     P:1.51e-20
0.267 0.255 0.359 0.118
0.321 0.021 0.37 0.288
0.139 0.001 0.859 0.001
0.001 0.001 0.997 0.001
0.001 0.001 0.997 0.001
0.046 0.495 0.001 0.458
0.001 0.001 0.997 0.001
0.001 0.001 0.7 0.298
0.158 0.001 0.84 0.001
0.102 0.054 0.75 0.094
0.001 0.821 0.001 0.177
0.207 0.396 0.114 0.283
>GGGGCGGGGC     KLF5(Zf)/LoVo-KLF5-ChIP-Seq(GSE49402)/Homer     P:1.51e-20
0.364 0.055 0.224 0.357
0.116 0.001 0.882 0.001
0.001 0.001 0.997 0.001
0.001 0.001 0.997 0.001
0.081 0.428 0.001 0.49
0.015 0.001 0.972 0.012
0.046 0.023 0.405 0.526
0.055 0.001 0.922 0.022
0.062 0.06 0.694 0.184
0.077 0.756 0.019 0.148
>ACTTCCTGTT     Elf4(ETS)/BMDM-Elf4-ChIP-Seq(GSE88699)/Homer     P:4.29e-12
0.649 0.063 0.194 0.094
0.017 0.819 0.067 0.097
0.02 0.014 0.016 0.95
0.008 0.027 0.022 0.943
0.014 0.952 0.018 0.016
0.011 0.969 0.01 0.01
0.018 0.076 0.443 0.463
0.064 0.279 0.52 0.137
0.208 0.198 0.233 0.36
0.23 0.151 0.091 0.528
>GAACTTCCTGTT     Etv2(ETS)/ES-ER71-ChIP-Seq(GSE59402)/Homer     P:4.29e-12
0.213 0.301 0.256 0.23
0.17 0.305 0.235 0.29
0.459 0.136 0.266 0.139
0.023 0.475 0.096 0.406
0.273 0.001 0.016 0.71
0.001 0.001 0.001 0.997
0.001 0.997 0.001 0.001
0.001 0.997 0.001 0.001
0.022 0.022 0.378 0.578
0.054 0.241 0.503 0.202
0.214 0.278 0.171 0.336
0.157 0.274 0.275 0.295
>GGCTGTCACG     Meis1(Homeobox)/MastCells-Meis1-ChIP-Seq(GSE48085)/Homer     P:1.97e-19
0.278 0.232 0.365 0.126
0.174 0.267 0.421 0.138
0.126 0.665 0.208 0.001
0.001 0.001 0.001 0.997
0.001 0.001 0.997 0.001
0.465 0.001 0.001 0.533
0.001 0.997 0.001 0.001
0.997 0.001 0.001 0.001
0.255 0.325 0.369 0.05
0.001 0.402 0.267 0.331
>CAGGGCGGGGCC     KLF1(Zf)/HUDEP2-KLF1-CutnRun(GSE136251)/Homer     P:8.03e-18
0.267 0.255 0.359 0.118
0.321 0.021 0.37 0.288
0.139 0.001 0.859 0.001
0.001 0.001 0.997 0.001
0.001 0.001 0.997 0.001
0.046 0.495 0.001 0.458
0.001 0.001 0.997 0.001
0.001 0.001 0.7 0.298
0.158 0.001 0.84 0.001
0.102 0.054 0.75 0.094
0.001 0.821 0.001 0.177
0.207 0.396 0.114 0.283
>AGGGCGGGGC     KLF5(Zf)/LoVo-KLF5-ChIP-Seq(GSE49402)/Homer     P:2.29e-24
0.364 0.055 0.224 0.357
0.116 0.001 0.882 0.001
0.001 0.001 0.997 0.001
0.001 0.001 0.997 0.001
0.081 0.428 0.001 0.49
0.015 0.001 0.972 0.012
0.046 0.023 0.405 0.526
0.055 0.001 0.922 0.022
0.062 0.06 0.694 0.184
0.077 0.756 0.019 0.148
>GCCACCTGCC     E2A(bHLH),near_PU.1/Bcell-PU.1-ChIP-Seq(GSE21512)/Homer     P:5.24e-20
0.218 0.303 0.259 0.22
0.316 0.261 0.257 0.166
0.001 0.997 0.001 0.001
0.997 0.001 0.001 0.001
0.001 0.997 0.001 0.001
0.001 0.997 0.001 0.001
0.001 0.001 0.001 0.997
0.001 0.001 0.997 0.001
0.135 0.37 0.251 0.244
0.279 0.268 0.213 0.24
>TCCACCTGCC     E2A(bHLH),near_PU.1/Bcell-PU.1-ChIP-Seq(GSE21512)/Homer     P:3.64e-24
0.218 0.303 0.259 0.22
0.316 0.261 0.257 0.166
0.001 0.997 0.001 0.001
0.997 0.001 0.001 0.001
0.001 0.997 0.001 0.001
0.001 0.997 0.001 0.001
0.001 0.001 0.001 0.997
0.001 0.001 0.997 0.001
0.135 0.37 0.251 0.244
0.279 0.268 0.213 0.24
>TTGACATC     Tgif1(Homeobox)/mES-Tgif1-ChIP-Seq(GSE55404)/Homer     P:3.64e-24
0.114 0.38 0.09 0.415
0.043 0.023 0.008 0.926
0.079 0.037 0.81 0.074
0.443 0.016 0.02 0.521
0.034 0.892 0.026 0.048
0.794 0.057 0.109 0.04
0.248 0.121 0.336 0.295
0.215 0.385 0.155 0.245
>AAGCCCCGCCCAGGC     KLF3(Zf)/MEF-Klf3-ChIP-Seq(GSE44748)/Homer     P:1.18e-23
0.223 0.264 0.217 0.295
0.255 0.211 0.371 0.163
0.385 0.001 0.613 0.001
0.001 0.997 0.001 0.001
0.001 0.716 0.001 0.282
0.408 0.59 0.001 0.001
0.001 0.997 0.001 0.001
0.521 0.001 0.477 0.001
0.001 0.997 0.001 0.001
0.001 0.997 0.001 0.001
0.001 0.997 0.001 0.001
0.308 0.327 0.001 0.364
0.17 0.327 0.217 0.286
0.198 0.258 0.283 0.261
0.223 0.302 0.245 0.23
>CCATTGTC     Sox3(HMG)/NPC-Sox3-ChIP-Seq(GSE33059)/Homer     P:1.18e-23
0.019 0.695 0.147 0.139
0.032 0.705 0.003 0.26
0.481 0.001 0.001 0.517
0.001 0.001 0.001 0.997
0.001 0.001 0.001 0.997
0.007 0.027 0.843 0.123
0.056 0.001 0.113 0.83
0.076 0.33 0.185 0.409
>CAAGGACAGA     SF1(NR)/H295R-Nr5a1-ChIP-Seq(GSE44220)/Homer     P:1.46e-13
0.158 0.623 0.123 0.096
0.728 0.061 0.103 0.108
0.727 0.042 0.14 0.091
0.05 0.059 0.757 0.134
0.03 0.05 0.762 0.158
0.236 0.281 0.111 0.372
0.122 0.669 0.064 0.145
0.65 0.134 0.113 0.103
0.28 0.294 0.199 0.227
0.222 0.243 0.343 0.192
>CCAGGTGAGC     ZEB1(Zf)/PDAC-ZEB1-ChIP-Seq(GSE64557)/Homer     P:8.39e-20
0.371 0.355 0.244 0.03
0.01 0.988 0.001 0.001
0.997 0.001 0.001 0.001
0.001 0.009 0.989 0.001
0.001 0.001 0.996 0.002
0.001 0.001 0.001 0.997
0.469 0.001 0.529 0.001
0.279 0.15 0.23 0.34
0.399 0.208 0.269 0.124
0.046 0.382 0.22 0.352
>CAAACGGCCA     BMYB(HTH)/Hela-BMYB-ChIP-Seq(GSE27030)/Homer     P:1.47e-16
0.211 0.282 0.234 0.273
0.31 0.274 0.014 0.402
0.991 0.001 0.001 0.007
0.997 0.001 0.001 0.001
0.008 0.99 0.001 0.001
0.129 0.245 0.303 0.322
0.001 0.001 0.997 0.001
0.209 0.386 0.066 0.339
0.161 0.432 0.004 0.403
0.317 0.234 0.3 0.15
>AGAACAGCTGCA     Ascl1(bHLH)/NeuralTubes-Ascl1-ChIP-Seq(GSE55840)/Homer     P:3.96e-25
0.259 0.228 0.272 0.241
0.218 0.27 0.25 0.263
0.288 0.318 0.337 0.057
0.271 0.315 0.324 0.089
0.078 0.848 0.059 0.015
0.847 0.001 0.001 0.151
0.062 0.085 0.69 0.163
0.233 0.495 0.238 0.034
0.101 0.066 0.063 0.77
0.002 0.001 0.918 0.079
0.079 0.365 0.284 0.272
0.2 0.277 0.202 0.322
>ACAGCTGCAG     HEB(bHLH)/mES-Heb-ChIP-Seq(GSE53233)/Homer     P:3.96e-25
0.335 0.338 0.292 0.036
0.046 0.79 0.104 0.06
0.777 0.054 0.071 0.098
0.112 0.239 0.513 0.136
0.05 0.537 0.342 0.071
0.093 0.049 0.115 0.743
0.018 0.017 0.936 0.029
0.041 0.265 0.372 0.322
0.191 0.282 0.263 0.264
0.264 0.282 0.205 0.249
>CCGCATTCCA     TEAD1(TEAD)/HepG2-TEAD1-ChIP-Seq(Encode)/Homer     P:3.96e-25
0.227 0.44 0.176 0.157
0.021 0.439 0.103 0.436
0.52 0.001 0.478 0.001
0.087 0.892 0.02 0.001
0.997 0.001 0.001 0.001
0.001 0.001 0.001 0.997
0.001 0.001 0.001 0.997
0.001 0.997 0.001 0.001
0.001 0.997 0.001 0.001
0.6 0.001 0.032 0.367
>AGGGTGGGGC     KLF5(Zf)/LoVo-KLF5-ChIP-Seq(GSE49402)/Homer     P:6.21e-21
0.364 0.055 0.224 0.357
0.116 0.001 0.882 0.001
0.001 0.001 0.997 0.001
0.001 0.001 0.997 0.001
0.081 0.428 0.001 0.49
0.015 0.001 0.972 0.012
0.046 0.023 0.405 0.526
0.055 0.001 0.922 0.022
0.062 0.06 0.694 0.184
0.077 0.756 0.019 0.148
>TGTCAACT     Tgif2(Homeobox)/mES-Tgif2-ChIP-Seq(GSE55404)/Homer     P:3.29e-20
0.006 0.106 0.009 0.879
0.037 0.007 0.885 0.071
0.323 0.152 0.021 0.504
0.024 0.942 0.003 0.031
0.795 0.098 0.079 0.028
0.266 0.182 0.303 0.249
0.211 0.368 0.203 0.219
0.135 0.177 0.185 0.503
>GGCGGTTG     MYB(HTH)/ERMYB-Myb-ChIPSeq(GSE22095)/Homer     P:2.11e-12
0.105 0.001 0.843 0.051
0.17 0.001 0.663 0.166
0.001 0.997 0.001 0.001
0.323 0.32 0.355 0.001
0.001 0.001 0.997 0.001
0.001 0.001 0.001 0.997
0.001 0.001 0.001 0.997
0.532 0.001 0.466 0.001
>CCAGGAATGC     TEAD4(TEA)/Tropoblast-Tead4-ChIP-Seq(GSE37350)/Homer     P:2.82e-15
0.061 0.485 0.296 0.158
0.046 0.804 0.036 0.114
0.471 0.006 0.036 0.487
0.025 0.001 0.973 0.001
0.001 0.001 0.997 0.001
0.914 0.017 0.001 0.068
0.997 0.001 0.001 0.001
0.001 0.005 0.001 0.993
0.001 0.027 0.787 0.185
0.001 0.443 0.001 0.555
>AAGCCCCGCCCCCGG     KLF3(Zf)/MEF-Klf3-ChIP-Seq(GSE44748)/Homer     P:1.37e-22
0.223 0.264 0.217 0.295
0.255 0.211 0.371 0.163
0.385 0.001 0.613 0.001
0.001 0.997 0.001 0.001
0.001 0.716 0.001 0.282
0.408 0.59 0.001 0.001
0.001 0.997 0.001 0.001
0.521 0.001 0.477 0.001
0.001 0.997 0.001 0.001
0.001 0.997 0.001 0.001
0.001 0.997 0.001 0.001
0.308 0.327 0.001 0.364
0.17 0.327 0.217 0.286
0.198 0.258 0.283 0.261
0.223 0.302 0.245 0.23
>CTAGCAGCTGGA     Ascl1(bHLH)/NeuralTubes-Ascl1-ChIP-Seq(GSE55840)/Homer     P:1.04e-13
0.259 0.228 0.272 0.241
0.218 0.27 0.25 0.263
0.288 0.318 0.337 0.057
0.271 0.315 0.324 0.089
0.078 0.848 0.059 0.015
0.847 0.001 0.001 0.151
0.062 0.085 0.69 0.163
0.233 0.495 0.238 0.034
0.101 0.066 0.063 0.77
0.002 0.001 0.918 0.079
0.079 0.365 0.284 0.272
0.2 0.277 0.202 0.322
>GCAGCTGGAA     HEB(bHLH)/mES-Heb-ChIP-Seq(GSE53233)/Homer     P:1.04e-13
0.335 0.338 0.292 0.036
0.046 0.79 0.104 0.06
0.777 0.054 0.071 0.098
0.112 0.239 0.513 0.136
0.05 0.537 0.342 0.071
0.093 0.049 0.115 0.743
0.018 0.017 0.936 0.029
0.041 0.265 0.372 0.322
0.191 0.282 0.263 0.264
0.264 0.282 0.205 0.249
>CTAATAAAAA     Hoxa13(Homeobox)/ChickenMSG-Hoxa13.Flag-ChIP-Seq(GSE86088)/Homer     P:1.04e-13
0.084 0.541 0.3 0.075
0.087 0.466 0.008 0.44
0.334 0.368 0.002 0.296
0.626 0.002 0.28 0.092
0.016 0.015 0.005 0.964
0.608 0.016 0.263 0.113
0.972 0.001 0.002 0.025
0.986 0.007 0.005 0.002
0.554 0.139 0.142 0.165
0.253 0.287 0.185 0.275
>ACTAATAAAA     Hoxd13(Homeobox)/ChickenMSG-Hoxd13.Flag-ChIP-Seq(GSE86088)/Homer     P:1.04e-13
0.263 0.225 0.277 0.235
0.069 0.708 0.216 0.007
0.001 0.509 0.001 0.489
0.48 0.323 0.001 0.196
0.82 0.001 0.139 0.04
0.001 0.001 0.001 0.997
0.709 0.001 0.14 0.15
0.997 0.001 0.001 0.001
0.997 0.001 0.001 0.001
0.72 0.096 0.062 0.122
>AGCAGCTG     SCL(bHLH)/HPC7-Scl-ChIP-Seq(GSE13511)/Homer     P:5.95e-18
0.435 0.178 0.199 0.188
0.261 0.239 0.379 0.121
0.011 0.983 0.003 0.003
0.672 0.047 0.044 0.237
0.01 0.039 0.704 0.247
0.258 0.66 0.078 0.004
0.23 0.035 0.008 0.727
0.037 0.005 0.765 0.193
>CAGCCCCGCCCAGAG     KLF3(Zf)/MEF-Klf3-ChIP-Seq(GSE44748)/Homer     P:7.26e-21
0.223 0.264 0.217 0.295
0.255 0.211 0.371 0.163
0.385 0.001 0.613 0.001
0.001 0.997 0.001 0.001
0.001 0.716 0.001 0.282
0.408 0.59 0.001 0.001
0.001 0.997 0.001 0.001
0.521 0.001 0.477 0.001
0.001 0.997 0.001 0.001
0.001 0.997 0.001 0.001
0.001 0.997 0.001 0.001
0.308 0.327 0.001 0.364
0.17 0.327 0.217 0.286
0.198 0.258 0.283 0.261
0.223 0.302 0.245 0.23
>GCCACGTG     NPAS(bHLH)/Liver-NPAS-ChIP-Seq(GSE39860)/Homer     P:3.66e-23
0.209 0.162 0.449 0.18
0.24 0.235 0.249 0.275
0.027 0.961 0.007 0.005
0.984 0.001 0.004 0.011
0.002 0.929 0.001 0.068
0.095 0.019 0.885 0.001
0.008 0.015 0.002 0.975
0.004 0.002 0.96 0.034
>GGGCCCCGCCCTTAC     KLF3(Zf)/MEF-Klf3-ChIP-Seq(GSE44748)/Homer     P:3.66e-23
0.223 0.264 0.217 0.295
0.255 0.211 0.371 0.163
0.385 0.001 0.613 0.001
0.001 0.997 0.001 0.001
0.001 0.716 0.001 0.282
0.408 0.59 0.001 0.001
0.001 0.997 0.001 0.001
0.521 0.001 0.477 0.001
0.001 0.997 0.001 0.001
0.001 0.997 0.001 0.001
0.001 0.997 0.001 0.001
0.308 0.327 0.001 0.364
0.17 0.327 0.217 0.286
0.198 0.258 0.283 0.261
0.223 0.302 0.245 0.23
>GCCACGTGAC     NPAS2(bHLH)/Liver-NPAS2-ChIP-Seq(GSE39860)/Homer     P:3.66e-23
0.096 0.112 0.444 0.347
0.298 0.601 0.087 0.014
0.041 0.957 0.001 0.001
0.969 0.001 0.004 0.026
0.008 0.692 0.039 0.261
0.024 0.03 0.945 0.001
0.001 0.001 0.001 0.997
0.001 0.001 0.997 0.001
0.568 0.256 0.019 0.157
0.097 0.45 0.181 0.271
>CAGGGTGGGGCT     KLF1(Zf)/HUDEP2-KLF1-CutnRun(GSE136251)/Homer     P:7.68e-16
0.267 0.255 0.359 0.118
0.321 0.021 0.37 0.288
0.139 0.001 0.859 0.001
0.001 0.001 0.997 0.001
0.001 0.001 0.997 0.001
0.046 0.495 0.001 0.458
0.001 0.001 0.997 0.001
0.001 0.001 0.7 0.298
0.158 0.001 0.84 0.001
0.102 0.054 0.75 0.094
0.001 0.821 0.001 0.177
0.207 0.396 0.114 0.283
>AGGCCCCGCCCCTGT     KLF3(Zf)/MEF-Klf3-ChIP-Seq(GSE44748)/Homer     P:7.05e-19
0.223 0.264 0.217 0.295
0.255 0.211 0.371 0.163
0.385 0.001 0.613 0.001
0.001 0.997 0.001 0.001
0.001 0.716 0.001 0.282
0.408 0.59 0.001 0.001
0.001 0.997 0.001 0.001
0.521 0.001 0.477 0.001
0.001 0.997 0.001 0.001
0.001 0.997 0.001 0.001
0.001 0.997 0.001 0.001
0.308 0.327 0.001 0.364
0.17 0.327 0.217 0.286
0.198 0.258 0.283 0.261
0.223 0.302 0.245 0.23
>CTGTGTCTGG     Smad4(MAD)/ESC-SMAD4-ChIP-Seq(GSE29422)/Homer     P:7.05e-19
0.225 0.237 0.359 0.179
0.161 0.319 0.33 0.191
0.175 0.366 0.288 0.171
0.097 0.468 0.001 0.433
0.001 0.001 0.997 0.001
0.001 0.001 0.001 0.997
0.001 0.997 0.001 0.001
0.001 0.001 0.001 0.997
0.16 0.001 0.838 0.001
0.001 0.358 0.519 0.122
>ATGGGCGTGGCC     KLF6(Zf)/PDAC-KLF6-ChIP-Seq(GSE64557)/Homer     P:4.45e-18
0.316 0.453 0.101 0.13
0.195 0.001 0.377 0.427
0.001 0.001 0.997 0.001
0.001 0.001 0.997 0.001
0.001 0.001 0.997 0.001
0.072 0.494 0.001 0.433
0.001 0.001 0.997 0.001
0.001 0.021 0.359 0.619
0.001 0.001 0.912 0.086
0.008 0.059 0.805 0.128
0.001 0.919 0.001 0.079
0.149 0.505 0.088 0.258
>TGCTTCCGGC     Fli1(ETS)/CD8-FLI-ChIP-Seq(GSE20898)/Homer     P:1.1e-11
0.245 0.301 0.189 0.266
0.451 0.072 0.355 0.122
0.019 0.405 0.18 0.396
0.2 0.001 0.007 0.792
0.029 0.001 0.009 0.961
0.013 0.972 0.002 0.013
0.001 0.996 0.001 0.002
0.001 0.006 0.879 0.114
0.065 0.135 0.674 0.126
0.186 0.252 0.195 0.368
>AGATAAGG     GATA3(Zf)/iTreg-Gata3-ChIP-Seq(GSE20898)/Homer     P:7.68e-16
0.662 0.066 0.006 0.266
0.001 0.007 0.991 0.001
0.989 0.004 0.001 0.006
0.002 0.023 0.001 0.974
