>CCTTTGTC     Sox3(HMG)/NPC-Sox3-ChIP-Seq(GSE33059)/Homer     P:3.23e-248
0.019 0.695 0.147 0.139
0.032 0.705 0.003 0.26
0.481 0.001 0.001 0.517
0.001 0.001 0.001 0.997
0.001 0.001 0.001 0.997
0.007 0.027 0.843 0.123
0.056 0.001 0.113 0.83
0.076 0.33 0.185 0.409
>ATTTGCATAA     Oct4(POU,Homeobox)/mES-Oct4-ChIP-Seq(GSE11431)/Homer     P:3.88e-274
0.852 0.048 0.048 0.052
0.001 0.001 0.001 0.997
0.001 0.043 0.001 0.955
0.155 0.001 0.001 0.843
0.107 0.001 0.891 0.001
0.008 0.99 0.001 0.001
0.997 0.001 0.001 0.001
0.001 0.004 0.001 0.994
0.676 0.047 0.125 0.152
0.434 0.107 0.063 0.396
>CCTTTGTT     Sox3(HMG)/NPC-Sox3-ChIP-Seq(GSE33059)/Homer     P:3.88e-274
0.019 0.695 0.147 0.139
0.032 0.705 0.003 0.26
0.481 0.001 0.001 0.517
0.001 0.001 0.001 0.997
0.001 0.001 0.001 0.997
0.007 0.027 0.843 0.123
0.056 0.001 0.113 0.83
0.076 0.33 0.185 0.409
>TTGTCTGC     Smad3(MAD)/NPC-Smad3-ChIP-Seq(GSE36673)/Homer     P:1.23e-182
0.143 0.203 0.195 0.459
0.422 0.071 0.001 0.506
0.001 0.001 0.997 0.001
0.001 0.001 0.371 0.627
0.001 0.905 0.001 0.093
0.001 0.001 0.001 0.997
0.353 0.001 0.645 0.001
0.236 0.295 0.353 0.116
>GCCACCTGCC     E2A(bHLH),near_PU.1/Bcell-PU.1-ChIP-Seq(GSE21512)/Homer     P:1.95e-168
0.218 0.303 0.259 0.22
0.316 0.261 0.257 0.166
0.001 0.997 0.001 0.001
0.997 0.001 0.001 0.001
0.001 0.997 0.001 0.001
0.001 0.997 0.001 0.001
0.001 0.001 0.001 0.997
0.001 0.001 0.997 0.001
0.135 0.37 0.251 0.244
0.279 0.268 0.213 0.24
>TTAAGTGCTG     Bapx1(Homeobox)/VertebralCol-Bapx1-ChIP-Seq(GSE36672)/Homer     P:2.38e-122
0.056 0.334 0.104 0.506
0.177 0.231 0.156 0.436
0.497 0.001 0.501 0.001
0.962 0.005 0.012 0.021
0.009 0.001 0.882 0.108
0.024 0.001 0.001 0.974
0.14 0.001 0.858 0.001
0.079 0.289 0.425 0.208
0.189 0.274 0.127 0.41
0.188 0.124 0.28 0.408
>CTTAAGTGCT     Nkx2.2(Homeobox)/NPC-Nkx2.2-ChIP-Seq(GSE61673)/Homer     P:2.38e-122
0.168 0.325 0.311 0.196
0.021 0.139 0.017 0.823
0.097 0.29 0.24 0.373
0.423 0.001 0.544 0.032
0.997 0.001 0.001 0.001
0.033 0.022 0.913 0.032
0.283 0.003 0.066 0.648
0.038 0.001 0.96 0.001
0.005 0.395 0.464 0.136
0.247 0.291 0.213 0.249
>TATGCAAATTAG     Brn1(POU,Homeobox)/NPC-Brn1-ChIP-Seq(GSE35496)/Homer     P:8.66e-125
0.199 0.248 0.135 0.419
0.997 0.001 0.001 0.001
0.001 0.001 0.001 0.997
0.001 0.001 0.947 0.051
0.001 0.639 0.135 0.225
0.521 0.001 0.001 0.477
0.882 0.001 0.116 0.001
0.997 0.001 0.001 0.001
0.062 0.032 0.177 0.729
0.111 0.244 0.307 0.338
0.428 0.219 0.137 0.215
0.267 0.209 0.35 0.173
>AATGCAAATGAG     Oct6(POU,Homeobox)/NPC-Pou3f1-ChIP-Seq(GSE35496)/Homer     P:6.11e-123
0.268 0.19 0.129 0.414
0.895 0.009 0.035 0.061
0.026 0.001 0.008 0.965
0.02 0.059 0.832 0.089
0.043 0.705 0.085 0.167
0.572 0.02 0.001 0.407
0.866 0.001 0.132 0.001
0.997 0.001 0.001 0.001
0.034 0.001 0.089 0.876
0.084 0.194 0.464 0.257
0.554 0.081 0.139 0.226
0.288 0.171 0.475 0.067
>AGCCCAGCTGGA     Ascl1(bHLH)/NeuralTubes-Ascl1-ChIP-Seq(GSE55840)/Homer     P:1.54e-87
0.259 0.228 0.272 0.241
0.218 0.27 0.25 0.263
0.288 0.318 0.337 0.057
0.271 0.315 0.324 0.089
0.078 0.848 0.059 0.015
0.847 0.001 0.001 0.151
0.062 0.085 0.69 0.163
0.233 0.495 0.238 0.034
0.101 0.066 0.063 0.77
0.002 0.001 0.918 0.079
0.079 0.365 0.284 0.272
0.2 0.277 0.202 0.322
>CCAGCTGGAG     HEB(bHLH)/mES-Heb-ChIP-Seq(GSE53233)/Homer     P:1.54e-87
0.335 0.338 0.292 0.036
0.046 0.79 0.104 0.06
0.777 0.054 0.071 0.098
0.112 0.239 0.513 0.136
0.05 0.537 0.342 0.071
0.093 0.049 0.115 0.743
0.018 0.017 0.936 0.029
0.041 0.265 0.372 0.322
0.191 0.282 0.263 0.264
0.264 0.282 0.205 0.249
>AGGCCTGG     ZFX(Zf)/mES-Zfx-ChIP-Seq(GSE11431)/Homer     P:1.61e-62
0.922 0.001 0.076 0.001
0.001 0.001 0.997 0.001
0.001 0.001 0.997 0.001
0.001 0.997 0.001 0.001
0.001 0.997 0.001 0.001
0.001 0.113 0.001 0.885
0.358 0.138 0.36 0.144
0.188 0.198 0.533 0.081
>TCCCTAATTA     DLX1(Homeobox)/BasalGanglia-Dlx1-ChIP-seq(GSE124936)/Homer     P:1.36e-82
0.204 0.265 0.326 0.206
0.167 0.374 0.29 0.168
0.228 0.271 0.235 0.267
0.228 0.297 0.273 0.203
0.038 0.272 0.035 0.655
0.66 0.114 0.182 0.044
0.948 0.01 0.007 0.035
0.028 0.024 0.005 0.943
0.041 0.15 0.092 0.717
0.608 0.027 0.269 0.096
>CCCTAATTAG     Lhx1(Homeobox)/EmbryoCarcinoma-Lhx1-ChIP-Seq(GSE70957)/Homer     P:1.36e-82
0.208 0.27 0.286 0.236
0.224 0.263 0.263 0.25
0.207 0.308 0.262 0.222
0.073 0.287 0.036 0.604
0.701 0.119 0.127 0.053
0.936 0.014 0.02 0.03
0.038 0.029 0.01 0.923
0.04 0.137 0.112 0.711
0.692 0.018 0.206 0.084
0.194 0.28 0.36 0.166
>CCTAATTA     DLX5(Homeobox)/BasalGanglia-Dlx5-ChIP-seq(GSE124936)/Homer     P:1.36e-82
0.167 0.355 0.281 0.197
0.166 0.285 0.409 0.14
0.081 0.255 0.103 0.561
0.697 0.144 0.102 0.057
0.865 0.037 0.042 0.056
0.063 0.051 0.058 0.828
0.083 0.094 0.115 0.708
0.577 0.05 0.272 0.101
>TAATTAGC     Lhx2(Homeobox)/HFSC-Lhx2-ChIP-Seq(GSE48068)/Homer     P:1.36e-82
0.001 0.156 0.001 0.842
0.907 0.091 0.001 0.001
0.997 0.001 0.001 0.001
0.001 0.001 0.001 0.997
0.001 0.001 0.15 0.848
0.833 0.001 0.165 0.001
0.224 0.114 0.661 0.001
0.181 0.323 0.265 0.231
>CAAACTGCTA     BMYB(HTH)/Hela-BMYB-ChIP-Seq(GSE27030)/Homer     P:1.12e-91
0.211 0.282 0.234 0.273
0.31 0.274 0.014 0.402
0.991 0.001 0.001 0.007
0.997 0.001 0.001 0.001
0.008 0.99 0.001 0.001
0.129 0.245 0.303 0.322
0.001 0.001 0.997 0.001
0.209 0.386 0.066 0.339
0.161 0.432 0.004 0.403
0.317 0.234 0.3 0.15
>GCGTTAATTA     DLX1(Homeobox)/BasalGanglia-Dlx1-ChIP-seq(GSE124936)/Homer     P:9.16e-70
0.204 0.265 0.326 0.206
0.167 0.374 0.29 0.168
0.228 0.271 0.235 0.267
0.228 0.297 0.273 0.203
0.038 0.272 0.035 0.655
0.66 0.114 0.182 0.044
0.948 0.01 0.007 0.035
0.028 0.024 0.005 0.943
0.041 0.15 0.092 0.717
0.608 0.027 0.269 0.096
>CGTTAATTAG     Lhx1(Homeobox)/EmbryoCarcinoma-Lhx1-ChIP-Seq(GSE70957)/Homer     P:9.16e-70
0.208 0.27 0.286 0.236
0.224 0.263 0.263 0.25
0.207 0.308 0.262 0.222
0.073 0.287 0.036 0.604
0.701 0.119 0.127 0.053
0.936 0.014 0.02 0.03
0.038 0.029 0.01 0.923
0.04 0.137 0.112 0.711
0.692 0.018 0.206 0.084
0.194 0.28 0.36 0.166
>TAATTAGG     Lhx2(Homeobox)/HFSC-Lhx2-ChIP-Seq(GSE48068)/Homer     P:9.16e-70
0.001 0.156 0.001 0.842
0.907 0.091 0.001 0.001
0.997 0.001 0.001 0.001
0.001 0.001 0.001 0.997
0.001 0.001 0.15 0.848
0.833 0.001 0.165 0.001
0.224 0.114 0.661 0.001
0.181 0.323 0.265 0.231
>CTGTCATT     Tgif1(Homeobox)/mES-Tgif1-ChIP-Seq(GSE55404)/Homer     P:4.12e-92
0.114 0.38 0.09 0.415
0.043 0.023 0.008 0.926
0.079 0.037 0.81 0.074
0.443 0.016 0.02 0.521
0.034 0.892 0.026 0.048
0.794 0.057 0.109 0.04
0.248 0.121 0.336 0.295
0.215 0.385 0.155 0.245
>TTGTCATT     Tgif1(Homeobox)/mES-Tgif1-ChIP-Seq(GSE55404)/Homer     P:4.12e-92
0.114 0.38 0.09 0.415
0.043 0.023 0.008 0.926
0.079 0.037 0.81 0.074
0.443 0.016 0.02 0.521
0.034 0.892 0.026 0.048
0.794 0.057 0.109 0.04
0.248 0.121 0.336 0.295
0.215 0.385 0.155 0.245
>ATGCATATGC     Pit1(Homeobox)/GCrat-Pit1-ChIP-Seq(GSE58009)/Homer     P:2.47e-83
0.744 0.077 0.037 0.142
0.001 0.001 0.001 0.997
0.104 0.019 0.804 0.073
0.477 0.493 0.001 0.029
0.956 0.005 0.001 0.038
0.02 0.029 0.001 0.95
0.937 0.001 0.044 0.018
0.28 0.087 0.023 0.61
0.258 0.062 0.389 0.292
0.072 0.661 0.043 0.224
>AGCTGACAGG     Meis1(Homeobox)/MastCells-Meis1-ChIP-Seq(GSE48085)/Homer     P:9.21e-67
0.278 0.232 0.365 0.126
0.174 0.267 0.421 0.138
0.126 0.665 0.208 0.001
0.001 0.001 0.001 0.997
0.001 0.001 0.997 0.001
0.465 0.001 0.001 0.533
0.001 0.997 0.001 0.001
0.997 0.001 0.001 0.001
0.255 0.325 0.369 0.05
0.001 0.402 0.267 0.331
>ACAGGTGGGC     ZEB1(Zf)/PDAC-ZEB1-ChIP-Seq(GSE64557)/Homer     P:9.21e-67
0.371 0.355 0.244 0.03
0.01 0.988 0.001 0.001
0.997 0.001 0.001 0.001
0.001 0.009 0.989 0.001
0.001 0.001 0.996 0.002
0.001 0.001 0.001 0.997
0.469 0.001 0.529 0.001
0.279 0.15 0.23 0.34
0.399 0.208 0.269 0.124
0.046 0.382 0.22 0.352
>TATGCTAATGAG     Brn1(POU,Homeobox)/NPC-Brn1-ChIP-Seq(GSE35496)/Homer     P:3.05e-75
0.199 0.248 0.135 0.419
0.997 0.001 0.001 0.001
0.001 0.001 0.001 0.997
0.001 0.001 0.947 0.051
0.001 0.639 0.135 0.225
0.521 0.001 0.001 0.477
0.882 0.001 0.116 0.001
0.997 0.001 0.001 0.001
0.062 0.032 0.177 0.729
0.111 0.244 0.307 0.338
0.428 0.219 0.137 0.215
0.267 0.209 0.35 0.173
>TTGCCAAG     NF1-halfsite(CTF)/LNCaP-NF1-ChIP-Seq(Unpublished)/Homer     P:1.49e-72
0.029 0.338 0.192 0.441
0.001 0.001 0.001 0.997
0.001 0.001 0.997 0.001
0.001 0.635 0.363 0.001
0.001 0.997 0.001 0.001
0.997 0.001 0.001 0.001
0.621 0.001 0.377 0.001
0.215 0.298 0.472 0.016
>CTAATGGA     Isl1(Homeobox)/Neuron-Isl1-ChIP-Seq(GSE31456)/Homer     P:1.34e-65
0.017 0.569 0.057 0.357
0.003 0.001 0.001 0.995
0.945 0.001 0.053 0.001
0.997 0.001 0.001 0.001
0.001 0.001 0.352 0.646
0.013 0.001 0.432 0.554
0.101 0.016 0.882 0.001
0.276 0.398 0.25 0.076
>CAAGGACAGA     SF1(NR)/H295R-Nr5a1-ChIP-Seq(GSE44220)/Homer     P:1.34e-65
0.158 0.623 0.123 0.096
0.728 0.061 0.103 0.108
0.727 0.042 0.14 0.091
0.05 0.059 0.757 0.134
0.03 0.05 0.762 0.158
0.236 0.281 0.111 0.372
0.122 0.669 0.064 0.145
0.65 0.134 0.113 0.103
0.28 0.294 0.199 0.227
0.222 0.243 0.343 0.192
>GTTAATCCCT     Otx2(Homeobox)/EpiLC-Otx2-ChIP-Seq(GSE56098)/Homer     P:4.05e-96
0.196 0.271 0.336 0.198
0.158 0.348 0.078 0.416
0.093 0.001 0.001 0.905
0.969 0.001 0.001 0.029
0.997 0.001 0.001 0.001
0.041 0.001 0.089 0.869
0.007 0.924 0.001 0.068
0.01 0.781 0.007 0.202
0.159 0.405 0.082 0.355
0.124 0.283 0.236 0.356
>TAATCCCT     Pitx1(Homeobox)/Chicken-Pitx1-ChIP-Seq(GSE38910)/Homer     P:4.05e-96
0.194 0.016 0.024 0.766
0.86 0.001 0.095 0.044
0.969 0.002 0.004 0.025
0.135 0.042 0.214 0.609
0.054 0.671 0.078 0.197
0.044 0.839 0.006 0.111
0.191 0.477 0.06 0.273
0.187 0.219 0.314 0.28
>CCAGCAGCTGCC     Ascl2(bHLH)/ESC-Ascl2-ChIP-Seq(GSE97712)/Homer     P:3.03e-67
0.259 0.228 0.272 0.241
0.218 0.27 0.25 0.263
0.288 0.318 0.337 0.057
0.271 0.315 0.324 0.089
0.078 0.848 0.059 0.015
0.847 0.001 0.001 0.151
0.062 0.085 0.69 0.163
0.233 0.495 0.238 0.034
0.101 0.066 0.063 0.77
0.002 0.001 0.918 0.079
0.079 0.365 0.284 0.272
0.2 0.277 0.202 0.322
>GCAGCTGCCG     HEB(bHLH)/mES-Heb-ChIP-Seq(GSE53233)/Homer     P:3.03e-67
0.335 0.338 0.292 0.036
0.046 0.79 0.104 0.06
0.777 0.054 0.071 0.098
0.112 0.239 0.513 0.136
0.05 0.537 0.342 0.071
0.093 0.049 0.115 0.743
0.018 0.017 0.936 0.029
0.041 0.265 0.372 0.322
0.191 0.282 0.263 0.264
0.264 0.282 0.205 0.249
>AGCAGCTG     SCL(bHLH)/HPC7-Scl-ChIP-Seq(GSE13511)/Homer     P:3.03e-67
0.435 0.178 0.199 0.188
0.261 0.239 0.379 0.121
0.011 0.983 0.003 0.003
0.672 0.047 0.044 0.237
0.01 0.039 0.704 0.247
0.258 0.66 0.078 0.004
0.23 0.035 0.008 0.727
0.037 0.005 0.765 0.193
>TTCAAGGTCA     Nr5a2(NR)/mES-Nr5a2-ChIP-Seq(GSE19019)/Homer     P:5.12e-48
0.1 0.266 0.313 0.321
0.051 0.344 0.038 0.567
0.012 0.917 0.066 0.005
0.974 0.004 0.011 0.011
0.961 0.003 0.024 0.012
0.007 0.003 0.982 0.008
0.015 0.003 0.973 0.009
0.112 0.224 0.051 0.613
0.02 0.871 0.019 0.09
0.832 0.037 0.062 0.069
>TGTCATTT     Tgif2(Homeobox)/mES-Tgif2-ChIP-Seq(GSE55404)/Homer     P:2.72e-57
0.006 0.106 0.009 0.879
0.037 0.007 0.885 0.071
0.323 0.152 0.021 0.504
0.024 0.942 0.003 0.031
0.795 0.098 0.079 0.028
0.266 0.182 0.303 0.249
0.211 0.368 0.203 0.219
0.135 0.177 0.185 0.503
>TGCACGTG     NPAS(bHLH)/Liver-NPAS-ChIP-Seq(GSE39860)/Homer     P:1.26e-45
0.265 0.165 0.26 0.31
0.334 0.295 0.27 0.101
0.081 0.896 0.009 0.014
0.951 0.011 0.015 0.023
0.001 0.93 0.001 0.068
0.063 0.001 0.935 0.001
0.014 0.017 0.012 0.957
0.014 0.001 0.969 0.016
>TAGTCTGA     Smad3(MAD)/NPC-Smad3-ChIP-Seq(GSE36673)/Homer     P:1.26e-45
0.143 0.203 0.195 0.459
0.422 0.071 0.001 0.506
0.001 0.001 0.997 0.001
0.001 0.001 0.371 0.627
0.001 0.905 0.001 0.093
0.001 0.001 0.001 0.997
0.353 0.001 0.645 0.001
0.236 0.295 0.353 0.116
>CTGACATT     Tgif1(Homeobox)/mES-Tgif1-ChIP-Seq(GSE55404)/Homer     P:1.26e-45
0.114 0.38 0.09 0.415
0.043 0.023 0.008 0.926
0.079 0.037 0.81 0.074
0.443 0.016 0.02 0.521
0.034 0.892 0.026 0.048
0.794 0.057 0.109 0.04
0.248 0.121 0.336 0.295
0.215 0.385 0.155 0.245
>CTGAAGTGCC     Nkx2.2(Homeobox)/NPC-Nkx2.2-ChIP-Seq(GSE61673)/Homer     P:7.37e-52
0.168 0.325 0.311 0.196
0.021 0.139 0.017 0.823
0.097 0.29 0.24 0.373
0.423 0.001 0.544 0.032
0.997 0.001 0.001 0.001
0.033 0.022 0.913 0.032
0.283 0.003 0.066 0.648
0.038 0.001 0.96 0.001
0.005 0.395 0.464 0.136
0.247 0.291 0.213 0.249
>GGTAATGG     Nkx6.1(Homeobox)/Islet-Nkx6.1-ChIP-Seq(GSE40975)/Homer     P:9.23e-39
0.158 0.185 0.421 0.236
0.18 0.063 0.306 0.451
0.001 0.001 0.001 0.997
0.997 0.001 0.001 0.001
0.997 0.001 0.001 0.001
0.001 0.001 0.001 0.997
0.001 0.099 0.562 0.338
0.526 0.001 0.472 0.001
>CTAATTGC     Isl1(Homeobox)/Neuron-Isl1-ChIP-Seq(GSE31456)/Homer     P:9.79e-42
0.017 0.569 0.057 0.357
0.003 0.001 0.001 0.995
0.945 0.001 0.053 0.001
0.997 0.001 0.001 0.001
0.001 0.001 0.352 0.646
0.013 0.001 0.432 0.554
0.101 0.016 0.882 0.001
0.276 0.398 0.25 0.076
>CAGAATCAAT     Cux2(Homeobox)/Liver-Cux2-ChIP-Seq(GSE35985)/Homer     P:4.13e-32
0.354 0.21 0.193 0.242
0.167 0.218 0.311 0.303
0.373 0.213 0.224 0.19
0.632 0.001 0.361 0.006
0.959 0.001 0.039 0.001
0.001 0.001 0.024 0.974
0.008 0.964 0.027 0.001
0.773 0.001 0.225 0.001
0.997 0.001 0.001 0.001
0.014 0.001 0.001 0.984
>CTAATTGA     Isl1(Homeobox)/Neuron-Isl1-ChIP-Seq(GSE31456)/Homer     P:8.18e-33
0.017 0.569 0.057 0.357
0.003 0.001 0.001 0.995
0.945 0.001 0.053 0.001
0.997 0.001 0.001 0.001
0.001 0.001 0.352 0.646
0.013 0.001 0.432 0.554
0.101 0.016 0.882 0.001
0.276 0.398 0.25 0.076
>ATGAATATTC     Pit1(Homeobox)/GCrat-Pit1-ChIP-Seq(GSE58009)/Homer     P:1.82e-42
0.874 0.016 0.012 0.098
0.001 0.007 0.005 0.987
0.064 0.089 0.826 0.021
0.631 0.333 0.001 0.035
0.888 0.003 0.075 0.034
0.01 0.001 0.001 0.988
0.993 0.002 0.003 0.002
0.403 0.012 0.003 0.582
0.056 0.003 0.255 0.686
0.001 0.546 0.213 0.24
>CCCCTCCCCCAC     Zfp281(Zf)/ES-Zfp281-ChIP-Seq(GSE81042)/Homer     P:3.13e-40
0.009 0.976 0.01 0.005
0.014 0.974 0.001 0.011
0.001 0.997 0.001 0.001
0.098 0.867 0.001 0.034
0.122 0.001 0.024 0.853
0.001 0.997 0.001 0.001
0.001 0.997 0.001 0.001
0.001 0.99 0.001 0.008
0.001 0.997 0.001 0.001
0.001 0.997 0.001 0.001
0.867 0.024 0.049 0.06
0.071 0.795 0.045 0.089
>ATGCATAATTCA     Pit1+1bp(Homeobox)/GCrat-Pit1-ChIP-Seq(GSE58009)/Homer     P:4.49e-32
0.819 0.054 0.03 0.097
0.005 0.002 0.004 0.989
0.119 0.039 0.748 0.094
0.374 0.526 0.015 0.085
0.943 0.016 0.005 0.036
0.034 0.005 0.009 0.952
0.73 0.019 0.023 0.228
0.931 0.008 0.004 0.057
0.059 0.012 0.017 0.912
0.072 0.011 0.187 0.73
0.094 0.748 0.048 0.11
0.974 0.009 0.001 0.016
>TGTCACCT     Tgif2(Homeobox)/mES-Tgif2-ChIP-Seq(GSE55404)/Homer     P:3.81e-42
0.006 0.106 0.009 0.879
0.037 0.007 0.885 0.071
0.323 0.152 0.021 0.504
0.024 0.942 0.003 0.031
0.795 0.098 0.079 0.028
0.266 0.182 0.303 0.249
0.211 0.368 0.203 0.219
0.135 0.177 0.185 0.503
>TAAGGTCA     THRb(NR)/Liver-NR1A2-ChIP-Seq(GSE52613)/Homer     P:1.12e-33
0.261 0.238 0.045 0.457
0.313 0.174 0.432 0.082
0.799 0.001 0.199 0.001
0.001 0.025 0.973 0.001
0.001 0.016 0.915 0.068
0.204 0.051 0.058 0.687
0.038 0.883 0.036 0.043
0.972 0.001 0.026 0.001
>GGATTTCCTGAC     Etv2(ETS)/ES-ER71-ChIP-Seq(GSE59402)/Homer     P:3.5e-36
0.213 0.301 0.256 0.23
0.17 0.305 0.235 0.29
0.459 0.136 0.266 0.139
0.023 0.475 0.096 0.406
0.273 0.001 0.016 0.71
0.001 0.001 0.001 0.997
0.001 0.997 0.001 0.001
0.001 0.997 0.001 0.001
0.022 0.022 0.378 0.578
0.054 0.241 0.503 0.202
0.214 0.278 0.171 0.336
0.157 0.274 0.275 0.295
>TCGACAGCTGTT     Ascl1(bHLH)/NeuralTubes-Ascl1-ChIP-Seq(GSE55840)/Homer     P:5.68e-33
0.259 0.228 0.272 0.241
0.218 0.27 0.25 0.263
0.288 0.318 0.337 0.057
0.271 0.315 0.324 0.089
0.078 0.848 0.059 0.015
0.847 0.001 0.001 0.151
0.062 0.085 0.69 0.163
0.233 0.495 0.238 0.034
0.101 0.066 0.063 0.77
0.002 0.001 0.918 0.079
0.079 0.365 0.284 0.272
0.2 0.277 0.202 0.322
>ACAGCTGTTA     Twist2(bHLH)/Myoblast-Twist2.Ty1-ChIP-Seq(GSE127998)/Homer     P:5.68e-33
0.335 0.338 0.292 0.036
0.046 0.79 0.104 0.06
0.777 0.054 0.071 0.098
0.112 0.239 0.513 0.136
0.05 0.537 0.342 0.071
0.093 0.049 0.115 0.743
0.018 0.017 0.936 0.029
0.041 0.265 0.372 0.322
0.191 0.282 0.263 0.264
0.264 0.282 0.205 0.249
>GCAGCTGGGT     HEB(bHLH)/mES-Heb-ChIP-Seq(GSE53233)/Homer     P:2.97e-25
0.335 0.338 0.292 0.036
0.046 0.79 0.104 0.06
0.777 0.054 0.071 0.098
0.112 0.239 0.513 0.136
0.05 0.537 0.342 0.071
0.093 0.049 0.115 0.743
0.018 0.017 0.936 0.029
0.041 0.265 0.372 0.322
0.191 0.282 0.263 0.264
0.264 0.282 0.205 0.249
>AAGTAATGAAAA     Hoxd12(Homeobox)/ChickenMSG-Hoxd12.Flag-ChIP-Seq(GSE86088)/Homer     P:6.37e-19
0.367 0.263 0.149 0.221
0.389 0.077 0.271 0.263
0.186 0.143 0.67 0.001
0.022 0.516 0.001 0.461
0.702 0.161 0.105 0.032
0.584 0.288 0.127 0.001
0.001 0.001 0.001 0.997
0.289 0.191 0.462 0.057
0.924 0.001 0.001 0.074
0.997 0.001 0.001 0.001
0.623 0.082 0.11 0.185
0.291 0.233 0.188 0.288
>AGGGTGTGGC     KLF5(Zf)/LoVo-KLF5-ChIP-Seq(GSE49402)/Homer     P:2.8e-26
0.364 0.055 0.224 0.357
0.116 0.001 0.882 0.001
0.001 0.001 0.997 0.001
0.001 0.001 0.997 0.001
0.081 0.428 0.001 0.49
0.015 0.001 0.972 0.012
0.046 0.023 0.405 0.526
0.055 0.001 0.922 0.022
0.062 0.06 0.694 0.184
0.077 0.756 0.019 0.148
>ATATGCAAAT     Oct2(POU,Homeobox)/Bcell-Oct2-ChIP-Seq(GSE21512)/Homer     P:1.57e-34
0.696 0.132 0.077 0.095
0.11 0.103 0.028 0.759
0.974 0.006 0.001 0.019
0.025 0.013 0.032 0.93
0.02 0.001 0.972 0.007
0.02 0.952 0.001 0.027
0.997 0.001 0.001 0.001
0.966 0.001 0.02 0.013
0.992 0.001 0.001 0.006
0.064 0.019 0.026 0.891
>CCAGGAATGC     TEAD4(TEA)/Tropoblast-Tead4-ChIP-Seq(GSE37350)/Homer     P:2.8e-26
0.061 0.485 0.296 0.158
0.046 0.804 0.036 0.114
0.471 0.006 0.036 0.487
0.025 0.001 0.973 0.001
0.001 0.001 0.997 0.001
0.914 0.017 0.001 0.068
0.997 0.001 0.001 0.001
0.001 0.005 0.001 0.993
0.001 0.027 0.787 0.185
0.001 0.443 0.001 0.555
>AGGCTGGGCA     ZNF416(Zf)/HEK293-ZNF416.GFP-ChIP-Seq(GSE58341)/Homer     P:3.8e-26
0.324 0.175 0.092 0.41
0.249 0.183 0.344 0.224
0.27 0.29 0.201 0.239
0.001 0.98 0.001 0.018
0.098 0.009 0.089 0.804
0.001 0.001 0.951 0.047
0.086 0.001 0.873 0.04
0.108 0.001 0.89 0.001
0.265 0.686 0.001 0.048
0.685 0.094 0.048 0.173
>AGGTAATTAC     Dlx3(Homeobox)/Kerainocytes-Dlx3-ChIP-Seq(GSE89884)/Homer     P:3.22e-32
0.208 0.27 0.286 0.236
0.224 0.263 0.263 0.25
0.207 0.308 0.262 0.222
0.073 0.287 0.036 0.604
0.701 0.119 0.127 0.053
0.936 0.014 0.02 0.03
0.038 0.029 0.01 0.923
0.04 0.137 0.112 0.711
0.692 0.018 0.206 0.084
0.194 0.28 0.36 0.166
>GGTAATTA     DLX5(Homeobox)/BasalGanglia-Dlx5-ChIP-seq(GSE124936)/Homer     P:3.22e-32
0.167 0.355 0.281 0.197
0.166 0.285 0.409 0.14
0.081 0.255 0.103 0.561
0.697 0.144 0.102 0.057
0.865 0.037 0.042 0.056
0.063 0.051 0.058 0.828
0.083 0.094 0.115 0.708
0.577 0.05 0.272 0.101
>CTAATGGG     Isl1(Homeobox)/Neuron-Isl1-ChIP-Seq(GSE31456)/Homer     P:2.33e-24
0.017 0.569 0.057 0.357
0.003 0.001 0.001 0.995
0.945 0.001 0.053 0.001
0.997 0.001 0.001 0.001
0.001 0.001 0.352 0.646
0.013 0.001 0.432 0.554
0.101 0.016 0.882 0.001
0.276 0.398 0.25 0.076
>TATGCAAATCAG     Brn1(POU,Homeobox)/NPC-Brn1-ChIP-Seq(GSE35496)/Homer     P:1.57e-34
0.199 0.248 0.135 0.419
0.997 0.001 0.001 0.001
0.001 0.001 0.001 0.997
0.001 0.001 0.947 0.051
0.001 0.639 0.135 0.225
0.521 0.001 0.001 0.477
0.882 0.001 0.116 0.001
0.997 0.001 0.001 0.001
0.062 0.032 0.177 0.729
0.111 0.244 0.307 0.338
0.428 0.219 0.137 0.215
0.267 0.209 0.35 0.173
>CCTTTGTTCC     Sox4(HMG)/proB-Sox4-ChIP-Seq(GSE50066)/Homer     P:5.29e-24
0.018 0.444 0.275 0.262
0.001 0.887 0.001 0.111
0.47 0.033 0.001 0.497
0.001 0.036 0.001 0.962
0.001 0.001 0.001 0.997
0.015 0.004 0.98 0.001
0.012 0.001 0.001 0.986
0.074 0.285 0.226 0.415
0.184 0.396 0.169 0.251
0.13 0.313 0.317 0.24
>GCCACGTG     NPAS(bHLH)/Liver-NPAS-ChIP-Seq(GSE39860)/Homer     P:3.47e-26
0.209 0.162 0.449 0.18
0.24 0.235 0.249 0.275
0.027 0.961 0.007 0.005
0.984 0.001 0.004 0.011
0.002 0.929 0.001 0.068
0.095 0.019 0.885 0.001
0.008 0.015 0.002 0.975
0.004 0.002 0.96 0.034
>GGCCACGTGG     n-Myc(bHLH)/mES-nMyc-ChIP-Seq(GSE11431)/Homer     P:3.47e-26
0.251 0.225 0.369 0.155
0.311 0.197 0.336 0.156
0.138 0.504 0.336 0.022
0.001 0.997 0.001 0.001
0.992 0.001 0.006 0.001
0.001 0.932 0.001 0.066
0.112 0.001 0.886 0.001
0.001 0.001 0.001 0.997
0.001 0.001 0.997 0.001
0.023 0.32 0.526 0.13
>TGTAAACA     Foxo3(Forkhead)/U2OS-Foxo3-ChIP-Seq(E-MTAB-2701)/Homer     P:2.4e-36
0.278 0.134 0.24 0.349
0.048 0.001 0.95 0.001
0.001 0.001 0.001 0.997
0.993 0.005 0.001 0.001
0.997 0.001 0.001 0.001
0.997 0.001 0.001 0.001
0.001 0.997 0.001 0.001
0.997 0.001 0.001 0.001
>TGCCAGCT     HIC1(Zf)/Treg-ZBTB29-ChIP-Seq(GSE99889)/Homer     P:2.73e-24
0.007 0.041 0.001 0.951
0.05 0.001 0.944 0.005
0.005 0.76 0.217 0.018
0.01 0.952 0.014 0.024
0.813 0.18 0.003 0.004
0.146 0.242 0.522 0.09
0.052 0.68 0.164 0.104
0.097 0.282 0.379 0.242
>TTATGTAAACAT     Foxf1(Forkhead)/Lung-Foxf1-ChIP-Seq(GSE77951)/Homer     P:2.53e-28
0.286 0.197 0.137 0.379
0.295 0.171 0.138 0.396
0.466 0.139 0.238 0.157
0.142 0.144 0.198 0.516
0.552 0.001 0.446 0.001
0.001 0.001 0.001 0.997
0.997 0.001 0.001 0.001
0.997 0.001 0.001 0.001
0.997 0.001 0.001 0.001
0.001 0.938 0.001 0.06
0.984 0.014 0.001 0.001
0.327 0.236 0.208 0.229
>GTCAAGTGCT     Nkx2.2(Homeobox)/NPC-Nkx2.2-ChIP-Seq(GSE61673)/Homer     P:1.36e-28
0.168 0.325 0.311 0.196
0.021 0.139 0.017 0.823
0.097 0.29 0.24 0.373
0.423 0.001 0.544 0.032
0.997 0.001 0.001 0.001
0.033 0.022 0.913 0.032
0.283 0.003 0.066 0.648
0.038 0.001 0.96 0.001
0.005 0.395 0.464 0.136
0.247 0.291 0.213 0.249
>ATAACTGCCA     BMYB(HTH)/Hela-BMYB-ChIP-Seq(GSE27030)/Homer     P:5.45e-25
0.211 0.282 0.234 0.273
0.31 0.274 0.014 0.402
0.991 0.001 0.001 0.007
0.997 0.001 0.001 0.001
0.008 0.99 0.001 0.001
0.129 0.245 0.303 0.322
0.001 0.001 0.997 0.001
0.209 0.386 0.066 0.339
0.161 0.432 0.004 0.403
0.317 0.234 0.3 0.15
>CAAACTGCTG     BMYB(HTH)/Hela-BMYB-ChIP-Seq(GSE27030)/Homer     P:7.48e-26
0.211 0.282 0.234 0.273
0.31 0.274 0.014 0.402
0.991 0.001 0.001 0.007
0.997 0.001 0.001 0.001
0.008 0.99 0.001 0.001
0.129 0.245 0.303 0.322
0.001 0.001 0.997 0.001
0.209 0.386 0.066 0.339
0.161 0.432 0.004 0.403
0.317 0.234 0.3 0.15
>CTGTCATC     Tgif1(Homeobox)/mES-Tgif1-ChIP-Seq(GSE55404)/Homer     P:5.94e-26
0.114 0.38 0.09 0.415
0.043 0.023 0.008 0.926
0.079 0.037 0.81 0.074
0.443 0.016 0.02 0.521
0.034 0.892 0.026 0.048
0.794 0.057 0.109 0.04
0.248 0.121 0.336 0.295
0.215 0.385 0.155 0.245
>TGTCATCT     Tgif2(Homeobox)/mES-Tgif2-ChIP-Seq(GSE55404)/Homer     P:5.94e-26
0.006 0.106 0.009 0.879
0.037 0.007 0.885 0.071
0.323 0.152 0.021 0.504
0.024 0.942 0.003 0.031
0.795 0.098 0.079 0.028
0.266 0.182 0.303 0.249
0.211 0.368 0.203 0.219
0.135 0.177 0.185 0.503
>CCTGGAATGT     TEAD4(TEA)/Tropoblast-Tead4-ChIP-Seq(GSE37350)/Homer     P:1.12e-23
0.061 0.485 0.296 0.158
0.046 0.804 0.036 0.114
0.471 0.006 0.036 0.487
0.025 0.001 0.973 0.001
0.001 0.001 0.997 0.001
0.914 0.017 0.001 0.068
0.997 0.001 0.001 0.001
0.001 0.005 0.001 0.993
0.001 0.027 0.787 0.185
0.001 0.443 0.001 0.555
>GGCAGTTG     MYB(HTH)/ERMYB-Myb-ChIPSeq(GSE22095)/Homer     P:6.21e-21
0.105 0.001 0.843 0.051
0.17 0.001 0.663 0.166
0.001 0.997 0.001 0.001
0.323 0.32 0.355 0.001
0.001 0.001 0.997 0.001
0.001 0.001 0.001 0.997
0.001 0.001 0.001 0.997
0.532 0.001 0.466 0.001
>CAAGGACAAG     SF1(NR)/H295R-Nr5a1-ChIP-Seq(GSE44220)/Homer     P:2.46e-21
0.158 0.623 0.123 0.096
0.728 0.061 0.103 0.108
0.727 0.042 0.14 0.091
0.05 0.059 0.757 0.134
0.03 0.05 0.762 0.158
0.236 0.281 0.111 0.372
0.122 0.669 0.064 0.145
0.65 0.134 0.113 0.103
0.28 0.294 0.199 0.227
0.222 0.243 0.343 0.192
>CTGACAGT     Tgif1(Homeobox)/mES-Tgif1-ChIP-Seq(GSE55404)/Homer     P:2.46e-21
0.114 0.38 0.09 0.415
0.043 0.023 0.008 0.926
0.079 0.037 0.81 0.074
0.443 0.016 0.02 0.521
0.034 0.892 0.026 0.048
0.794 0.057 0.109 0.04
0.248 0.121 0.336 0.295
0.215 0.385 0.155 0.245
>CCATTGTC     Sox3(HMG)/NPC-Sox3-ChIP-Seq(GSE33059)/Homer     P:8.48e-21
0.019 0.695 0.147 0.139
0.032 0.705 0.003 0.26
0.481 0.001 0.001 0.517
0.001 0.001 0.001 0.997
0.001 0.001 0.001 0.997
0.007 0.027 0.843 0.123
0.056 0.001 0.113 0.83
0.076 0.33 0.185 0.409
>TAAACTGCTG     BMYB(HTH)/Hela-BMYB-ChIP-Seq(GSE27030)/Homer     P:9.3e-18
0.211 0.282 0.234 0.273
0.31 0.274 0.014 0.402
0.991 0.001 0.001 0.007
0.997 0.001 0.001 0.001
0.008 0.99 0.001 0.001
0.129 0.245 0.303 0.322
0.001 0.001 0.997 0.001
0.209 0.386 0.066 0.339
0.161 0.432 0.004 0.403
0.317 0.234 0.3 0.15
>CTGCGCATGCGC     NRF1(NRF)/MCF7-NRF1-ChIP-Seq(Unpublished)/Homer     P:5.37e-23
0.078 0.628 0.197 0.098
0.052 0.17 0.106 0.673
0.036 0.006 0.955 0.003
0.04 0.936 0.018 0.006
0.017 0.004 0.976 0.003
0.005 0.983 0.007 0.006
0.734 0.168 0.068 0.031
0.041 0.077 0.167 0.715
0.005 0.013 0.975 0.007
0.011 0.959 0.004 0.026
0.008 0.02 0.922 0.05
0.006 0.928 0.009 0.057
>ATTTGTTTACAC     FOXP1(Forkhead)/H9-FOXP1-ChIP-Seq(GSE31006)/Homer     P:1.61e-24
0.226 0.242 0.226 0.306
0.164 0.337 0.18 0.32
0.046 0.385 0.23 0.339
0.001 0.001 0.001 0.997
0.022 0.001 0.976 0.001
0.001 0.001 0.001 0.997
0.001 0.001 0.001 0.997
0.001 0.001 0.001 0.997
0.997 0.001 0.001 0.001
0.001 0.873 0.002 0.124
0.282 0.312 0.099 0.308
0.313 0.197 0.224 0.266
>GTCACGTG     CLOCK(bHLH)/Liver-Clock-ChIP-Seq(GSE39860)/Homer     P:4.68e-17
0.209 0.162 0.449 0.18
0.24 0.235 0.249 0.275
0.027 0.961 0.007 0.005
0.984 0.001 0.004 0.011
0.002 0.929 0.001 0.068
0.095 0.019 0.885 0.001
0.008 0.015 0.002 0.975
0.004 0.002 0.96 0.034
>GGCTGTCACG     Meis1(Homeobox)/MastCells-Meis1-ChIP-Seq(GSE48085)/Homer     P:4.68e-17
0.278 0.232 0.365 0.126
0.174 0.267 0.421 0.138
0.126 0.665 0.208 0.001
0.001 0.001 0.001 0.997
0.001 0.001 0.997 0.001
0.465 0.001 0.001 0.533
0.001 0.997 0.001 0.001
0.997 0.001 0.001 0.001
0.255 0.325 0.369 0.05
0.001 0.402 0.267 0.331
>CTAACCACAGCA     RUNX2(Runt)/PCa-RUNX2-ChIP-Seq(GSE33889)/Homer     P:4.84e-16
0.293 0.299 0.206 0.203
0.393 0.225 0.098 0.284
0.468 0.175 0.244 0.113
0.796 0.104 0.099 0.001
0.001 0.997 0.001 0.001
0.001 0.997 0.001 0.001
0.997 0.001 0.001 0.001
0.001 0.997 0.001 0.001
0.997 0.001 0.001 0.001
0.332 0.146 0.324 0.198
0.352 0.213 0.211 0.224
0.249 0.303 0.207 0.241
>TTTTCCCAGG     Rbpj1(?)/Panc1-Rbpj1-ChIP-Seq(GSE47459)/Homer     P:2.08e-12
0.209 0.288 0.155 0.349
0.16 0.105 0.235 0.5
0.001 0.06 0.001 0.938
0.006 0.001 0.001 0.992
0.001 0.997 0.001 0.001
0.062 0.8 0.001 0.137
0.001 0.997 0.001 0.001
0.992 0.001 0.001 0.006
0.051 0.462 0.323 0.164
0.259 0.107 0.611 0.023
>TGTTAATTAG     Lhx1(Homeobox)/EmbryoCarcinoma-Lhx1-ChIP-Seq(GSE70957)/Homer     P:3.56e-21
0.208 0.27 0.286 0.236
0.224 0.263 0.263 0.25
0.207 0.308 0.262 0.222
0.073 0.287 0.036 0.604
0.701 0.119 0.127 0.053
0.936 0.014 0.02 0.03
0.038 0.029 0.01 0.923
0.04 0.137 0.112 0.711
0.692 0.018 0.206 0.084
0.194 0.28 0.36 0.166
>GTACTTCCTGAA     Etv2(ETS)/ES-ER71-ChIP-Seq(GSE59402)/Homer     P:1.76e-25
0.213 0.301 0.256 0.23
0.17 0.305 0.235 0.29
0.459 0.136 0.266 0.139
0.023 0.475 0.096 0.406
0.273 0.001 0.016 0.71
0.001 0.001 0.001 0.997
0.001 0.997 0.001 0.001
0.001 0.997 0.001 0.001
0.022 0.022 0.378 0.578
0.054 0.241 0.503 0.202
0.214 0.278 0.171 0.336
0.157 0.274 0.275 0.295
>CCTTATCTGC     Gata6(Zf)/HUG1N-GATA6-ChIP-Seq(GSE51936)/Homer     P:2.47e-24
0.031 0.351 0.214 0.403
0.025 0.754 0.129 0.092
0.026 0.029 0.012 0.933
0.038 0.015 0.011 0.936
0.95 0.008 0.017 0.025
0.012 0.015 0.012 0.961
0.021 0.963 0.005 0.011
0.314 0.013 0.054 0.619
0.169 0.289 0.329 0.213
0.234 0.266 0.246 0.254
>TGCTAATTAC     En1(Homeobox)/SUM149-EN1-ChIP-Seq(GSE120957)/Homer     P:1.32e-24
0.208 0.27 0.286 0.236
0.224 0.263 0.263 0.25
0.207 0.308 0.262 0.222
0.073 0.287 0.036 0.604
0.701 0.119 0.127 0.053
0.936 0.014 0.02 0.03
0.038 0.029 0.01 0.923
0.04 0.137 0.112 0.711
0.692 0.018 0.206 0.084
0.194 0.28 0.36 0.166
>GCTAATTA     DLX5(Homeobox)/BasalGanglia-Dlx5-ChIP-seq(GSE124936)/Homer     P:1.32e-24
0.167 0.355 0.281 0.197
0.166 0.285 0.409 0.14
0.081 0.255 0.103 0.561
0.697 0.144 0.102 0.057
0.865 0.037 0.042 0.056
0.063 0.051 0.058 0.828
0.083 0.094 0.115 0.708
0.577 0.05 0.272 0.101
>GCCTCAGGCCAT     AP-2gamma(AP2)/MCF7-TFAP2C-ChIP-Seq(GSE21234)/Homer     P:7.79e-17
0.005 0.431 0.547 0.017
0.001 0.997 0.001 0.001
0.001 0.947 0.001 0.051
0.003 0.304 0.001 0.692
0.061 0.437 0.411 0.091
0.688 0.004 0.289 0.019
0.063 0.001 0.935 0.001
0.001 0.001 0.997 0.001
0.009 0.487 0.503 0.001
0.281 0.458 0.059 0.201
0.552 0.128 0.17 0.15
0.232 0.185 0.201 0.381
>ACAGGTATGT     ZEB1(Zf)/PDAC-ZEB1-ChIP-Seq(GSE64557)/Homer     P:1.11e-29
0.371 0.355 0.244 0.03
0.01 0.988 0.001 0.001
0.997 0.001 0.001 0.001
0.001 0.009 0.989 0.001
0.001 0.001 0.996 0.002
0.001 0.001 0.001 0.997
0.469 0.001 0.529 0.001
0.279 0.15 0.23 0.34
0.399 0.208 0.269 0.124
0.046 0.382 0.22 0.352
>ATTTTCCATT     NFAT(RHD)/Jurkat-NFATC1-ChIP-Seq(Jolma_et_al.)/Homer     P:3.63e-17
0.539 0.029 0.061 0.372
0.058 0.165 0.237 0.539
0.001 0.001 0.03 0.968
0.001 0.001 0.001 0.997
0.001 0.001 0.001 0.997
0.001 0.997 0.001 0.001
0.001 0.997 0.001 0.001
0.925 0.001 0.073 0.001
0.031 0.358 0.059 0.552
0.081 0.254 0.139 0.526
>GAAACTGCTG     BMYB(HTH)/Hela-BMYB-ChIP-Seq(GSE27030)/Homer     P:5.46e-22
0.211 0.282 0.234 0.273
0.31 0.274 0.014 0.402
0.991 0.001 0.001 0.007
0.997 0.001 0.001 0.001
0.008 0.99 0.001 0.001
0.129 0.245 0.303 0.322
0.001 0.001 0.997 0.001
0.209 0.386 0.066 0.339
0.161 0.432 0.004 0.403
0.317 0.234 0.3 0.15
>TAAGCAGCTGTA     Ascl1(bHLH)/NeuralTubes-Ascl1-ChIP-Seq(GSE55840)/Homer     P:2.58e-09
0.259 0.228 0.272 0.241
0.218 0.27 0.25 0.263
0.288 0.318 0.337 0.057
0.271 0.315 0.324 0.089
0.078 0.848 0.059 0.015
0.847 0.001 0.001 0.151
0.062 0.085 0.69 0.163
0.233 0.495 0.238 0.034
0.101 0.066 0.063 0.77
0.002 0.001 0.918 0.079
0.079 0.365 0.284 0.272
0.2 0.277 0.202 0.322
>GCAGCTGTAG     HEB(bHLH)/mES-Heb-ChIP-Seq(GSE53233)/Homer     P:2.58e-09
0.335 0.338 0.292 0.036
0.046 0.79 0.104 0.06
0.777 0.054 0.071 0.098
0.112 0.239 0.513 0.136
0.05 0.537 0.342 0.071
0.093 0.049 0.115 0.743
0.018 0.017 0.936 0.029
0.041 0.265 0.372 0.322
0.191 0.282 0.263 0.264
0.264 0.282 0.205 0.249
>ACTTCCGGTT     Elf4(ETS)/BMDM-Elf4-ChIP-Seq(GSE88699)/Homer     P:8.94e-17
0.649 0.063 0.194 0.094
0.017 0.819 0.067 0.097
0.02 0.014 0.016 0.95
0.008 0.027 0.022 0.943
0.014 0.952 0.018 0.016
0.011 0.969 0.01 0.01
0.018 0.076 0.443 0.463
0.064 0.279 0.52 0.137
0.208 0.198 0.233 0.36
0.23 0.151 0.091 0.528
>AACTTCCGGT     Fli1(ETS)/CD8-FLI-ChIP-Seq(GSE20898)/Homer     P:8.94e-17
0.204 0.342 0.189 0.265
0.484 0.138 0.248 0.13
0.041 0.529 0.166 0.264
0.098 0.01 0.022 0.87
0.031 0.021 0.024 0.924
0.009 0.969 0.01 0.012
0.004 0.974 0.016 0.006
0.005 0.013 0.827 0.155
0.074 0.157 0.63 0.139
0.189 0.305 0.147 0.359
>CCATTGTCTC     Sox10(HMG)/SciaticNerve-Sox3-ChIP-Seq(GSE35132)/Homer     P:1.8e-16
0.018 0.444 0.275 0.262
0.001 0.887 0.001 0.111
0.47 0.033 0.001 0.497
0.001 0.036 0.001 0.962
0.001 0.001 0.001 0.997
0.015 0.004 0.98 0.001
0.012 0.001 0.001 0.986
0.074 0.285 0.226 0.415
0.184 0.396 0.169 0.251
0.13 0.313 0.317 0.24
>ACAGTAATTA     DLX1(Homeobox)/BasalGanglia-Dlx1-ChIP-seq(GSE124936)/Homer     P:6.47e-15
0.204 0.265 0.326 0.206
0.167 0.374 0.29 0.168
0.228 0.271 0.235 0.267
0.228 0.297 0.273 0.203
0.038 0.272 0.035 0.655
0.66 0.114 0.182 0.044
0.948 0.01 0.007 0.035
0.028 0.024 0.005 0.943
0.041 0.15 0.092 0.717
0.608 0.027 0.269 0.096
>TTAACTGTCA     BMYB(HTH)/Hela-BMYB-ChIP-Seq(GSE27030)/Homer     P:1.04e-18
0.211 0.282 0.234 0.273
0.31 0.274 0.014 0.402
0.991 0.001 0.001 0.007
0.997 0.001 0.001 0.001
0.008 0.99 0.001 0.001
0.129 0.245 0.303 0.322
0.001 0.001 0.997 0.001
0.209 0.386 0.066 0.339
0.161 0.432 0.004 0.403
0.317 0.234 0.3 0.15
>TTGTCATC     Tgif1(Homeobox)/mES-Tgif1-ChIP-Seq(GSE55404)/Homer     P:1.04e-18
0.114 0.38 0.09 0.415
0.043 0.023 0.008 0.926
0.079 0.037 0.81 0.074
0.443 0.016 0.02 0.521
0.034 0.892 0.026 0.048
0.794 0.057 0.109 0.04
0.248 0.121 0.336 0.295
0.215 0.385 0.155 0.245
>CAAACCGTCG     BMYB(HTH)/Hela-BMYB-ChIP-Seq(GSE27030)/Homer     P:4.29e-12
0.211 0.282 0.234 0.273
0.31 0.274 0.014 0.402
0.991 0.001 0.001 0.007
0.997 0.001 0.001 0.001
0.008 0.99 0.001 0.001
0.129 0.245 0.303 0.322
0.001 0.001 0.997 0.001
0.209 0.386 0.066 0.339
0.161 0.432 0.004 0.403
0.317 0.234 0.3 0.15
>TTCCTGGGCA     ZNF416(Zf)/HEK293-ZNF416.GFP-ChIP-Seq(GSE58341)/Homer     P:2.07e-19
0.324 0.175 0.092 0.41
0.249 0.183 0.344 0.224
0.27 0.29 0.201 0.239
0.001 0.98 0.001 0.018
0.098 0.009 0.089 0.804
0.001 0.001 0.951 0.047
0.086 0.001 0.873 0.04
0.108 0.001 0.89 0.001
0.265 0.686 0.001 0.048
0.685 0.094 0.048 0.173
>AACAGGAAGT     Ets1-distal(ETS)/CD4+-PolII-ChIP-Seq(Barski_et_al.)/Homer     P:4.84e-15
0.627 0.005 0.123 0.245
0.226 0.372 0.241 0.161
0.258 0.474 0.267 0.001
0.625 0.356 0.018 0.001
0.001 0.001 0.997 0.001
0.004 0.001 0.994 0.001
0.997 0.001 0.001 0.001
0.997 0.001 0.001 0.001
0.288 0.028 0.683 0.001
0.132 0.185 0.066 0.617
>GGGATTAG     GSC(Homeobox)/FrogEmbryos-GSC-ChIP-Seq(DRA000576)/Homer     P:4.84e-15
0.283 0.189 0.383 0.145
0.261 0.031 0.614 0.094
0.119 0.016 0.835 0.03
0.908 0.046 0.033 0.013
0.002 0.001 0.001 0.996
0.055 0.001 0.001 0.943
0.942 0.005 0.008 0.045
0.316 0.136 0.377 0.171
>AAGACCCCCT     LRF(Zf)/Erythroblasts-ZBTB7A-ChIP-Seq(GSE74977)/Homer     P:6.99e-12
0.57 0.058 0.371 0.001
0.476 0.278 0.244 0.001
0.001 0.001 0.997 0.001
0.64 0.358 0.001 0.001
0.001 0.997 0.001 0.001
0.001 0.997 0.001 0.001
0.001 0.997 0.001 0.001
0.001 0.547 0.001 0.451
0.17 0.252 0.19 0.388
0.282 0.295 0.27 0.153
>GAGCCAGCTGGT     Ascl1(bHLH)/NeuralTubes-Ascl1-ChIP-Seq(GSE55840)/Homer     P:3.44e-15
0.259 0.228 0.272 0.241
0.218 0.27 0.25 0.263
0.288 0.318 0.337 0.057
0.271 0.315 0.324 0.089
0.078 0.848 0.059 0.015
0.847 0.001 0.001 0.151
0.062 0.085 0.69 0.163
0.233 0.495 0.238 0.034
0.101 0.066 0.063 0.77
0.002 0.001 0.918 0.079
0.079 0.365 0.284 0.272
0.2 0.277 0.202 0.322
>CCAGCTGGTT     Twist2(bHLH)/Myoblast-Twist2.Ty1-ChIP-Seq(GSE127998)/Homer     P:3.44e-15
0.335 0.338 0.292 0.036
0.046 0.79 0.104 0.06
0.777 0.054 0.071 0.098
0.112 0.239 0.513 0.136
0.05 0.537 0.342 0.071
0.093 0.049 0.115 0.743
0.018 0.017 0.936 0.029
0.041 0.265 0.372 0.322
0.191 0.282 0.263 0.264
0.264 0.282 0.205 0.249
>AAAGAGGCCA     Zac1(Zf)/Neuro2A-Plagl1-ChIP-Seq(GSE75942)/Homer     P:4.7e-14
0.278 0.283 0.094 0.345
0.446 0.16 0.261 0.133
0.287 0.127 0.216 0.37
0.043 0.131 0.825 0.001
0.467 0.001 0.502 0.03
0.021 0.078 0.9 0.001
0.001 0.001 0.875 0.123
0.001 0.653 0.233 0.113
0.219 0.489 0.104 0.188
0.249 0.396 0.125 0.23
>ACCCAGAGAGGC     ZNF768(Zf)/Rajj-ZNF768-ChIP-Seq(GSE111879)/Homer     P:7.7e-15
0.355 0.143 0.465 0.036
0.359 0.322 0.071 0.248
0.356 0.251 0.072 0.321
0.001 0.929 0.035 0.035
0.963 0.001 0.001 0.035
0.001 0.036 0.962 0.001
0.713 0.143 0.143 0.001
0.214 0.106 0.609 0.071
0.75 0.035 0.107 0.108
0.107 0.107 0.644 0.142
0.109 0.178 0.535 0.178
0.142 0.213 0.36 0.285
>CACTTCCGGC     Fli1(ETS)/CD8-FLI-ChIP-Seq(GSE20898)/Homer     P:7.17e-10
0.204 0.342 0.189 0.265
0.484 0.138 0.248 0.13
0.041 0.529 0.166 0.264
0.098 0.01 0.022 0.87
0.031 0.021 0.024 0.924
0.009 0.969 0.01 0.012
0.004 0.974 0.016 0.006
0.005 0.013 0.827 0.155
0.074 0.157 0.63 0.139
0.189 0.305 0.147 0.359
>CCATTGTTCT     Sox6(HMG)/Myotubes-Sox6-ChIP-Seq(GSE32627)/Homer     P:7.21e-15
0.018 0.444 0.275 0.262
0.001 0.887 0.001 0.111
0.47 0.033 0.001 0.497
0.001 0.036 0.001 0.962
0.001 0.001 0.001 0.997
0.015 0.004 0.98 0.001
0.012 0.001 0.001 0.986
0.074 0.285 0.226 0.415
0.184 0.396 0.169 0.251
0.13 0.313 0.317 0.24
>CCCATTGTTC     Sox2(HMG)/mES-Sox2-ChIP-Seq(GSE11431)/Homer     P:7.21e-15
0.06 0.378 0.287 0.275
0.005 0.838 0.073 0.084
0.004 0.766 0.001 0.229
0.692 0.001 0.001 0.306
0.001 0.001 0.001 0.997
0.001 0.001 0.001 0.997
0.001 0.001 0.997 0.001
0.001 0.001 0.001 0.997
0.001 0.223 0.051 0.725
0.121 0.592 0.08 0.207
>CCATTGTT     Sox3(HMG)/NPC-Sox3-ChIP-Seq(GSE33059)/Homer     P:7.21e-15
0.019 0.695 0.147 0.139
0.032 0.705 0.003 0.26
0.481 0.001 0.001 0.517
0.001 0.001 0.001 0.997
0.001 0.001 0.001 0.997
0.007 0.027 0.843 0.123
0.056 0.001 0.113 0.83
0.076 0.33 0.185 0.409
>GATGACGTCA     Atf1(bZIP)/K562-ATF1-ChIP-Seq(GSE31477)/Homer     P:3.43e-12
0.202 0.227 0.397 0.173
0.466 0.202 0.291 0.041
0.023 0.046 0.02 0.911
0.016 0.026 0.759 0.199
0.87 0.001 0.068 0.061
0.025 0.748 0.059 0.168
0.143 0.069 0.771 0.017
0.057 0.168 0.005 0.77
0.323 0.635 0.031 0.011
0.857 0.021 0.072 0.05
>CGATGACGTCAC     Atf7(bZIP)/3T3L1-Atf7-ChIP-Seq(GSE56872)/Homer     P:3.43e-12
0.238 0.303 0.285 0.175
0.226 0.167 0.389 0.219
0.407 0.195 0.32 0.078
0.017 0.019 0.006 0.958
0.001 0.039 0.8 0.16
0.827 0.019 0.081 0.073
0.033 0.665 0.139 0.163
0.182 0.123 0.666 0.029
0.076 0.069 0.038 0.817
0.136 0.813 0.045 0.006
0.914 0.01 0.044 0.032
0.053 0.317 0.219 0.411
>CCAGCTGCCC     Twist2(bHLH)/Myoblast-Twist2.Ty1-ChIP-Seq(GSE127998)/Homer     P:1.12e-10
0.335 0.338 0.292 0.036
0.046 0.79 0.104 0.06
0.777 0.054 0.071 0.098
0.112 0.239 0.513 0.136
0.05 0.537 0.342 0.071
0.093 0.049 0.115 0.743
0.018 0.017 0.936 0.029
0.041 0.265 0.372 0.322
0.191 0.282 0.263 0.264
0.264 0.282 0.205 0.249
>ACCAGCTG     SCL(bHLH)/HPC7-Scl-ChIP-Seq(GSE13511)/Homer     P:1.73e-12
0.435 0.178 0.199 0.188
0.261 0.239 0.379 0.121
0.011 0.983 0.003 0.003
0.672 0.047 0.044 0.237
0.01 0.039 0.704 0.247
0.258 0.66 0.078 0.004
0.23 0.035 0.008 0.727
0.037 0.005 0.765 0.193
>TTTTAATTAA     Lhx1(Homeobox)/EmbryoCarcinoma-Lhx1-ChIP-Seq(GSE70957)/Homer     P:1.62e-09
0.304 0.202 0.236 0.258
0.25 0.229 0.267 0.254
0.001 0.408 0.212 0.379
0.09 0.193 0.001 0.716
0.779 0.121 0.099 0.001
0.997 0.001 0.001 0.001
0.001 0.001 0.01 0.988
0.001 0.079 0.155 0.765
0.769 0.001 0.171 0.059
0.346 0.207 0.377 0.07
>GGCTGTCAAT     Meis1(Homeobox)/MastCells-Meis1-ChIP-Seq(GSE48085)/Homer     P:1.62e-09
0.278 0.232 0.365 0.126
0.174 0.267 0.421 0.138
0.126 0.665 0.208 0.001
0.001 0.001 0.001 0.997
0.001 0.001 0.997 0.001
0.465 0.001 0.001 0.533
0.001 0.997 0.001 0.001
0.997 0.001 0.001 0.001
0.255 0.325 0.369 0.05
0.001 0.402 0.267 0.331
>CTGTCAAT     Tgif1(Homeobox)/mES-Tgif1-ChIP-Seq(GSE55404)/Homer     P:1.62e-09
0.114 0.38 0.09 0.415
0.043 0.023 0.008 0.926
0.079 0.037 0.81 0.074
0.443 0.016 0.02 0.521
0.034 0.892 0.026 0.048
0.794 0.057 0.109 0.04
0.248 0.121 0.336 0.295
0.215 0.385 0.155 0.245
>TGTCAATT     Tgif2(Homeobox)/mES-Tgif2-ChIP-Seq(GSE55404)/Homer     P:5.35e-16
0.006 0.106 0.009 0.879
0.037 0.007 0.885 0.071
0.323 0.152 0.021 0.504
0.024 0.942 0.003 0.031
0.795 0.098 0.079 0.028
0.266 0.182 0.303 0.249
0.211 0.368 0.203 0.219
0.135 0.177 0.185 0.503
>GCCACACCCA     Klf4(Zf)/mES-Klf4-ChIP-Seq(GSE11431)/Homer     P:7.78e-19
0.163 0.004 0.827 0.006
0.061 0.907 0.014 0.017
0.001 0.994 0.001 0.004
0.859 0.132 0.008 0.001
0.001 0.997 0.001 0.001
0.855 0.001 0.143 0.001
0.001 0.997 0.001 0.001
0.001 0.997 0.001 0.001
0.001 0.997 0.001 0.001
0.764 0.083 0.006 0.147
>TATGCAAATGAG     Oct6(POU,Homeobox)/NPC-Pou3f1-ChIP-Seq(GSE35496)/Homer     P:3.64e-10
0.199 0.248 0.135 0.419
0.997 0.001 0.001 0.001
0.001 0.001 0.001 0.997
0.001 0.001 0.947 0.051
0.001 0.639 0.135 0.225
0.521 0.001 0.001 0.477
0.882 0.001 0.116 0.001
0.997 0.001 0.001 0.001
0.062 0.032 0.177 0.729
0.111 0.244 0.307 0.338
0.428 0.219 0.137 0.215
0.267 0.209 0.35 0.173
>CCTCCCCCACAC     WT1(Zf)/Kidney-WT1-ChIP-Seq(GSE90016)/Homer     P:3.83e-09
0.397 0.45 0.042 0.111
0.033 0.93 0.001 0.036
0.025 0.013 0.049 0.913
0.001 0.997 0.001 0.001
0.001 0.997 0.001 0.001
0.001 0.929 0.001 0.069
0.554 0.438 0.007 0.001
0.005 0.979 0.001 0.015
0.451 0.008 0.391 0.151
0.001 0.802 0.132 0.065
0.489 0.218 0.077 0.216
0.108 0.276 0.29 0.325
>CAAGGCCAGG     SF1(NR)/H295R-Nr5a1-ChIP-Seq(GSE44220)/Homer     P:1.78e-12
0.158 0.623 0.123 0.096
0.728 0.061 0.103 0.108
0.727 0.042 0.14 0.091
0.05 0.059 0.757 0.134
0.03 0.05 0.762 0.158
0.236 0.281 0.111 0.372
0.122 0.669 0.064 0.145
0.65 0.134 0.113 0.103
0.28 0.294 0.199 0.227
0.222 0.243 0.343 0.192
>TTAACTGTTC     BMYB(HTH)/Hela-BMYB-ChIP-Seq(GSE27030)/Homer     P:1.85e-13
0.211 0.282 0.234 0.273
0.31 0.274 0.014 0.402
0.991 0.001 0.001 0.007
0.997 0.001 0.001 0.001
0.008 0.99 0.001 0.001
0.129 0.245 0.303 0.322
0.001 0.001 0.997 0.001
0.209 0.386 0.066 0.339
0.161 0.432 0.004 0.403
0.317 0.234 0.3 0.15
>CTGTCAAC     Tgif1(Homeobox)/mES-Tgif1-ChIP-Seq(GSE55404)/Homer     P:2.92e-08
0.114 0.38 0.09 0.415
