>CCTTTGTC     Sox3(HMG)/NPC-Sox3-ChIP-Seq(GSE33059)/Homer     P:1.22e-319
0.019 0.695 0.147 0.139
0.032 0.705 0.003 0.26
0.481 0.001 0.001 0.517
0.001 0.001 0.001 0.997
0.001 0.001 0.001 0.997
0.007 0.027 0.843 0.123
0.056 0.001 0.113 0.83
0.076 0.33 0.185 0.409
>TATTGACT     Hnf6b(Homeobox)/LNCaP-Hnf6b-ChIP-Seq(GSE106305)/Homer     P:1.47e-226
0.197 0.171 0.114 0.518
0.997 0.001 0.001 0.001
0.005 0.001 0.001 0.993
0.082 0.102 0.057 0.759
0.001 0.001 0.961 0.037
0.923 0.001 0.075 0.001
0.13 0.364 0.051 0.454
0.12 0.451 0.04 0.389
>TTCAAGGTCA     Nr5a2(NR)/mES-Nr5a2-ChIP-Seq(GSE19019)/Homer     P:1.29e-205
0.1 0.266 0.313 0.321
0.051 0.344 0.038 0.567
0.012 0.917 0.066 0.005
0.974 0.004 0.011 0.011
0.961 0.003 0.024 0.012
0.007 0.003 0.982 0.008
0.015 0.003 0.973 0.009
0.112 0.224 0.051 0.613
0.02 0.871 0.019 0.09
0.832 0.037 0.062 0.069
>TAAACGGCCA     BMYB(HTH)/Hela-BMYB-ChIP-Seq(GSE27030)/Homer     P:1.35e-247
0.211 0.282 0.234 0.273
0.31 0.274 0.014 0.402
0.991 0.001 0.001 0.007
0.997 0.001 0.001 0.001
0.008 0.99 0.001 0.001
0.129 0.245 0.303 0.322
0.001 0.001 0.997 0.001
0.209 0.386 0.066 0.339
0.161 0.432 0.004 0.403
0.317 0.234 0.3 0.15
>TTGTCTGC     Smad3(MAD)/NPC-Smad3-ChIP-Seq(GSE36673)/Homer     P:5.38e-179
0.143 0.203 0.195 0.459
0.422 0.071 0.001 0.506
0.001 0.001 0.997 0.001
0.001 0.001 0.371 0.627
0.001 0.905 0.001 0.093
0.001 0.001 0.001 0.997
0.353 0.001 0.645 0.001
0.236 0.295 0.353 0.116
>GCCACCTGCC     E2A(bHLH),near_PU.1/Bcell-PU.1-ChIP-Seq(GSE21512)/Homer     P:3.41e-194
0.218 0.303 0.259 0.22
0.316 0.261 0.257 0.166
0.001 0.997 0.001 0.001
0.997 0.001 0.001 0.001
0.001 0.997 0.001 0.001
0.001 0.997 0.001 0.001
0.001 0.001 0.001 0.997
0.001 0.001 0.997 0.001
0.135 0.37 0.251 0.244
0.279 0.268 0.213 0.24
>ATTTGCATAA     Oct4(POU,Homeobox)/mES-Oct4-ChIP-Seq(GSE11431)/Homer     P:2.52e-174
0.852 0.048 0.048 0.052
0.001 0.001 0.001 0.997
0.001 0.043 0.001 0.955
0.155 0.001 0.001 0.843
0.107 0.001 0.891 0.001
0.008 0.99 0.001 0.001
0.997 0.001 0.001 0.001
0.001 0.004 0.001 0.994
0.676 0.047 0.125 0.152
0.434 0.107 0.063 0.396
>CCTTTGTT     Sox3(HMG)/NPC-Sox3-ChIP-Seq(GSE33059)/Homer     P:2.52e-174
0.019 0.695 0.147 0.139
0.032 0.705 0.003 0.26
0.481 0.001 0.001 0.517
0.001 0.001 0.001 0.997
0.001 0.001 0.001 0.997
0.007 0.027 0.843 0.123
0.056 0.001 0.113 0.83
0.076 0.33 0.185 0.409
>TTGCCAAG     NF1-halfsite(CTF)/LNCaP-NF1-ChIP-Seq(Unpublished)/Homer     P:4.68e-154
0.029 0.338 0.192 0.441
0.001 0.001 0.001 0.997
0.001 0.001 0.997 0.001
0.001 0.635 0.363 0.001
0.001 0.997 0.001 0.001
0.997 0.001 0.001 0.001
0.621 0.001 0.377 0.001
0.215 0.298 0.472 0.016
>AGCTGACAGG     Meis1(Homeobox)/MastCells-Meis1-ChIP-Seq(GSE48085)/Homer     P:1.26e-107
0.278 0.232 0.365 0.126
0.174 0.267 0.421 0.138
0.126 0.665 0.208 0.001
0.001 0.001 0.001 0.997
0.001 0.001 0.997 0.001
0.465 0.001 0.001 0.533
0.001 0.997 0.001 0.001
0.997 0.001 0.001 0.001
0.255 0.325 0.369 0.05
0.001 0.402 0.267 0.331
>ACAGGTGGGC     ZEB1(Zf)/PDAC-ZEB1-ChIP-Seq(GSE64557)/Homer     P:1.26e-107
0.371 0.355 0.244 0.03
0.01 0.988 0.001 0.001
0.997 0.001 0.001 0.001
0.001 0.009 0.989 0.001
0.001 0.001 0.996 0.002
0.001 0.001 0.001 0.997
0.469 0.001 0.529 0.001
0.279 0.15 0.23 0.34
0.399 0.208 0.269 0.124
0.046 0.382 0.22 0.352
>AGCCCAGCTGGA     Ascl1(bHLH)/NeuralTubes-Ascl1-ChIP-Seq(GSE55840)/Homer     P:3.07e-101
0.259 0.228 0.272 0.241
0.218 0.27 0.25 0.263
0.288 0.318 0.337 0.057
0.271 0.315 0.324 0.089
0.078 0.848 0.059 0.015
0.847 0.001 0.001 0.151
0.062 0.085 0.69 0.163
0.233 0.495 0.238 0.034
0.101 0.066 0.063 0.77
0.002 0.001 0.918 0.079
0.079 0.365 0.284 0.272
0.2 0.277 0.202 0.322
>CCAGCTGGAG     HEB(bHLH)/mES-Heb-ChIP-Seq(GSE53233)/Homer     P:3.07e-101
0.335 0.338 0.292 0.036
0.046 0.79 0.104 0.06
0.777 0.054 0.071 0.098
0.112 0.239 0.513 0.136
0.05 0.537 0.342 0.071
0.093 0.049 0.115 0.743
0.018 0.017 0.936 0.029
0.041 0.265 0.372 0.322
0.191 0.282 0.263 0.264
0.264 0.282 0.205 0.249
>TTATTTCCTGAC     Etv2(ETS)/ES-ER71-ChIP-Seq(GSE59402)/Homer     P:1.25e-65
0.213 0.301 0.256 0.23
0.17 0.305 0.235 0.29
0.459 0.136 0.266 0.139
0.023 0.475 0.096 0.406
0.273 0.001 0.016 0.71
0.001 0.001 0.001 0.997
0.001 0.997 0.001 0.001
0.001 0.997 0.001 0.001
0.022 0.022 0.378 0.578
0.054 0.241 0.503 0.202
0.214 0.278 0.171 0.336
0.157 0.274 0.275 0.295
>AGGCCTGG     ZFX(Zf)/mES-Zfx-ChIP-Seq(GSE11431)/Homer     P:1.25e-65
0.922 0.001 0.076 0.001
0.001 0.001 0.997 0.001
0.001 0.001 0.997 0.001
0.001 0.997 0.001 0.001
0.001 0.997 0.001 0.001
0.001 0.113 0.001 0.885
0.358 0.138 0.36 0.144
0.188 0.198 0.533 0.081
>TATGCAAATTAG     Brn1(POU,Homeobox)/NPC-Brn1-ChIP-Seq(GSE35496)/Homer     P:1.41e-86
0.199 0.248 0.135 0.419
0.997 0.001 0.001 0.001
0.001 0.001 0.001 0.997
0.001 0.001 0.947 0.051
0.001 0.639 0.135 0.225
0.521 0.001 0.001 0.477
0.882 0.001 0.116 0.001
0.997 0.001 0.001 0.001
0.062 0.032 0.177 0.729
0.111 0.244 0.307 0.338
0.428 0.219 0.137 0.215
0.267 0.209 0.35 0.173
>GGCAATGAAA     Hoxd10(Homeobox)/ChickenMSG-Hoxd10.Flag-ChIP-Seq(GSE86088)/Homer     P:4.5e-88
0.302 0.062 0.478 0.157
0.103 0.164 0.67 0.063
0.072 0.402 0.001 0.525
0.686 0.178 0.072 0.064
0.761 0.136 0.098 0.005
0.032 0.005 0.016 0.947
0.073 0.108 0.795 0.024
0.784 0.045 0.095 0.076
0.868 0.039 0.061 0.032
0.563 0.105 0.172 0.16
>TGGCAATGAAAG     Hoxd12(Homeobox)/ChickenMSG-Hoxd12.Flag-ChIP-Seq(GSE86088)/Homer     P:4.5e-88
0.367 0.263 0.149 0.221
0.389 0.077 0.271 0.263
0.186 0.143 0.67 0.001
0.022 0.516 0.001 0.461
0.702 0.161 0.105 0.032
0.584 0.288 0.127 0.001
0.001 0.001 0.001 0.997
0.289 0.191 0.462 0.057
0.924 0.001 0.001 0.074
0.997 0.001 0.001 0.001
0.623 0.082 0.11 0.185
0.291 0.233 0.188 0.288
>CCATTGTC     Sox3(HMG)/NPC-Sox3-ChIP-Seq(GSE33059)/Homer     P:9.7e-89
0.019 0.695 0.147 0.139
0.032 0.705 0.003 0.26
0.481 0.001 0.001 0.517
0.001 0.001 0.001 0.997
0.001 0.001 0.001 0.997
0.007 0.027 0.843 0.123
0.056 0.001 0.113 0.83
0.076 0.33 0.185 0.409
>TGTCATTT     Tgif2(Homeobox)/mES-Tgif2-ChIP-Seq(GSE55404)/Homer     P:9.7e-89
0.006 0.106 0.009 0.879
0.037 0.007 0.885 0.071
0.323 0.152 0.021 0.504
0.024 0.942 0.003 0.031
0.795 0.098 0.079 0.028
0.266 0.182 0.303 0.249
0.211 0.368 0.203 0.219
0.135 0.177 0.185 0.503
>AATGCAAATGAG     Oct6(POU,Homeobox)/NPC-Pou3f1-ChIP-Seq(GSE35496)/Homer     P:9.92e-90
0.268 0.19 0.129 0.414
0.895 0.009 0.035 0.061
0.026 0.001 0.008 0.965
0.02 0.059 0.832 0.089
0.043 0.705 0.085 0.167
0.572 0.02 0.001 0.407
0.866 0.001 0.132 0.001
0.997 0.001 0.001 0.001
0.034 0.001 0.089 0.876
0.084 0.194 0.464 0.257
0.554 0.081 0.139 0.226
0.288 0.171 0.475 0.067
>GCGTTAATTA     DLX1(Homeobox)/BasalGanglia-Dlx1-ChIP-seq(GSE124936)/Homer     P:4.17e-71
0.204 0.265 0.326 0.206
0.167 0.374 0.29 0.168
0.228 0.271 0.235 0.267
0.228 0.297 0.273 0.203
0.038 0.272 0.035 0.655
0.66 0.114 0.182 0.044
0.948 0.01 0.007 0.035
0.028 0.024 0.005 0.943
0.041 0.15 0.092 0.717
0.608 0.027 0.269 0.096
>CGTTAATTAG     Lhx1(Homeobox)/EmbryoCarcinoma-Lhx1-ChIP-Seq(GSE70957)/Homer     P:4.17e-71
0.208 0.27 0.286 0.236
0.224 0.263 0.263 0.25
0.207 0.308 0.262 0.222
0.073 0.287 0.036 0.604
0.701 0.119 0.127 0.053
0.936 0.014 0.02 0.03
0.038 0.029 0.01 0.923
0.04 0.137 0.112 0.711
0.692 0.018 0.206 0.084
0.194 0.28 0.36 0.166
>TAATTAGG     Lhx2(Homeobox)/HFSC-Lhx2-ChIP-Seq(GSE48068)/Homer     P:4.17e-71
0.001 0.156 0.001 0.842
0.907 0.091 0.001 0.001
0.997 0.001 0.001 0.001
0.001 0.001 0.001 0.997
0.001 0.001 0.15 0.848
0.833 0.001 0.165 0.001
0.224 0.114 0.661 0.001
0.181 0.323 0.265 0.231
>TATGCTAATGAG     Brn1(POU,Homeobox)/NPC-Brn1-ChIP-Seq(GSE35496)/Homer     P:2.13e-84
0.199 0.248 0.135 0.419
0.997 0.001 0.001 0.001
0.001 0.001 0.001 0.997
0.001 0.001 0.947 0.051
0.001 0.639 0.135 0.225
0.521 0.001 0.001 0.477
0.882 0.001 0.116 0.001
0.997 0.001 0.001 0.001
0.062 0.032 0.177 0.729
0.111 0.244 0.307 0.338
0.428 0.219 0.137 0.215
0.267 0.209 0.35 0.173
>TGCCAGCT     HIC1(Zf)/Treg-ZBTB29-ChIP-Seq(GSE99889)/Homer     P:1.5e-47
0.007 0.041 0.001 0.951
0.05 0.001 0.944 0.005
0.005 0.76 0.217 0.018
0.01 0.952 0.014 0.024
0.813 0.18 0.003 0.004
0.146 0.242 0.522 0.09
0.052 0.68 0.164 0.104
0.097 0.282 0.379 0.242
>CCTTTGTCCC     Sox10(HMG)/SciaticNerve-Sox3-ChIP-Seq(GSE35132)/Homer     P:3.12e-69
0.018 0.444 0.275 0.262
0.001 0.887 0.001 0.111
0.47 0.033 0.001 0.497
0.001 0.036 0.001 0.962
0.001 0.001 0.001 0.997
0.015 0.004 0.98 0.001
0.012 0.001 0.001 0.986
0.074 0.285 0.226 0.415
0.184 0.396 0.169 0.251
0.13 0.313 0.317 0.24
>GTCCCCAGGGGA     EBF1(EBF)/Near-E2A-ChIP-Seq(GSE21512)/Homer     P:5.38e-32
0.184 0.17 0.443 0.203
0.067 0.17 0.263 0.501
0.021 0.618 0.075 0.286
0.012 0.93 0.001 0.057
0.021 0.862 0.001 0.116
0.038 0.917 0.001 0.044
0.538 0.055 0.003 0.405
0.146 0.006 0.77 0.078
0.179 0.001 0.794 0.026
0.019 0.001 0.979 0.001
0.21 0.045 0.724 0.021
0.5 0.204 0.242 0.054
>CCTTTGTTCC     Sox4(HMG)/proB-Sox4-ChIP-Seq(GSE50066)/Homer     P:1.11e-52
0.018 0.444 0.275 0.262
0.001 0.887 0.001 0.111
0.47 0.033 0.001 0.497
0.001 0.036 0.001 0.962
0.001 0.001 0.001 0.997
0.015 0.004 0.98 0.001
0.012 0.001 0.001 0.986
0.074 0.285 0.226 0.415
0.184 0.396 0.169 0.251
0.13 0.313 0.317 0.24
>CAACAGCTGT     Myf5(bHLH)/GM-Myf5-ChIP-Seq(GSE24852)/Homer     P:3.52e-56
0.322 0.237 0.217 0.223
0.419 0.25 0.207 0.123
0.33 0.268 0.115 0.287
0.014 0.955 0.014 0.017
0.941 0.017 0.018 0.024
0.02 0.02 0.913 0.047
0.06 0.899 0.021 0.02
0.022 0.019 0.017 0.942
0.017 0.016 0.954 0.013
0.244 0.1 0.288 0.368
>ACAACAGCTGTT     Ascl1(bHLH)/NeuralTubes-Ascl1-ChIP-Seq(GSE55840)/Homer     P:3.52e-56
0.259 0.228 0.272 0.241
0.218 0.27 0.25 0.263
0.288 0.318 0.337 0.057
0.271 0.315 0.324 0.089
0.078 0.848 0.059 0.015
0.847 0.001 0.001 0.151
0.062 0.085 0.69 0.163
0.233 0.495 0.238 0.034
0.101 0.066 0.063 0.77
0.002 0.001 0.918 0.079
0.079 0.365 0.284 0.272
0.2 0.277 0.202 0.322
>ACAGCTGTTC     Twist2(bHLH)/Myoblast-Twist2.Ty1-ChIP-Seq(GSE127998)/Homer     P:3.52e-56
0.335 0.338 0.292 0.036
0.046 0.79 0.104 0.06
0.777 0.054 0.071 0.098
0.112 0.239 0.513 0.136
0.05 0.537 0.342 0.071
0.093 0.049 0.115 0.743
0.018 0.017 0.936 0.029
0.041 0.265 0.372 0.322
0.191 0.282 0.263 0.264
0.264 0.282 0.205 0.249
>CTAATGGA     Isl1(Homeobox)/Neuron-Isl1-ChIP-Seq(GSE31456)/Homer     P:3.52e-56
0.017 0.569 0.057 0.357
0.003 0.001 0.001 0.995
0.945 0.001 0.053 0.001
0.997 0.001 0.001 0.001
0.001 0.001 0.352 0.646
0.013 0.001 0.432 0.554
0.101 0.016 0.882 0.001
0.276 0.398 0.25 0.076
>AACAGCTG     SCL(bHLH)/HPC7-Scl-ChIP-Seq(GSE13511)/Homer     P:3.52e-56
0.572 0.131 0.282 0.015
0.741 0.046 0.212 0.001
0.001 0.997 0.001 0.001
0.997 0.001 0.001 0.001
0.004 0.001 0.994 0.001
0.01 0.927 0.054 0.009
0.001 0.001 0.001 0.997
0.001 0.001 0.997 0.001
>CAAGGACAAC     SF1(NR)/H295R-Nr5a1-ChIP-Seq(GSE44220)/Homer     P:3.52e-56
0.158 0.623 0.123 0.096
0.728 0.061 0.103 0.108
0.727 0.042 0.14 0.091
0.05 0.059 0.757 0.134
0.03 0.05 0.762 0.158
0.236 0.281 0.111 0.372
0.122 0.669 0.064 0.145
0.65 0.134 0.113 0.103
0.28 0.294 0.199 0.227
0.222 0.243 0.343 0.192
>TGCCAGCC     HIC1(Zf)/Treg-ZBTB29-ChIP-Seq(GSE99889)/Homer     P:3.51e-51
0.007 0.041 0.001 0.951
0.05 0.001 0.944 0.005
0.005 0.76 0.217 0.018
0.01 0.952 0.014 0.024
0.813 0.18 0.003 0.004
0.146 0.242 0.522 0.09
0.052 0.68 0.164 0.104
0.097 0.282 0.379 0.242
>TCTTTGTTCC     Sox4(HMG)/proB-Sox4-ChIP-Seq(GSE50066)/Homer     P:5.45e-55
0.001 0.476 0.193 0.33
0.001 0.997 0.001 0.001
0.25 0.001 0.001 0.748
0.001 0.001 0.001 0.997
0.001 0.001 0.001 0.997
0.001 0.001 0.997 0.001
0.001 0.001 0.001 0.997
0.001 0.296 0.046 0.657
0.001 0.731 0.088 0.18
0.137 0.456 0.167 0.24
>AAATCACTGC     Gfi1b(Zf)/HPC7-Gfi1b-ChIP-Seq(GSE22178)/Homer     P:6.21e-45
0.43 0.389 0.102 0.078
0.997 0.001 0.001 0.001
0.99 0.008 0.001 0.001
0.001 0.031 0.022 0.946
0.001 0.997 0.001 0.001
0.566 0.019 0.001 0.413
0.018 0.724 0.257 0.001
0.393 0.001 0.053 0.553
0.003 0.001 0.995 0.001
0.018 0.891 0.001 0.091
>GAACAATGGG     Sox15(HMG)/CPA-Sox15-ChIP-Seq(GSE62909)/Homer     P:2.28e-36
0.473 0.018 0.439 0.071
0.54 0.094 0.315 0.051
0.997 0.001 0.001 0.001
0.001 0.888 0.11 0.001
0.997 0.001 0.001 0.001
0.978 0.001 0.001 0.02
0.267 0.001 0.015 0.717
0.266 0.021 0.686 0.027
0.224 0.108 0.667 0.001
0.209 0.312 0.174 0.306
>TGTTAATTAA     Lhx1(Homeobox)/EmbryoCarcinoma-Lhx1-ChIP-Seq(GSE70957)/Homer     P:1.13e-46
0.304 0.202 0.236 0.258
0.25 0.229 0.267 0.254
0.001 0.408 0.212 0.379
0.09 0.193 0.001 0.716
0.779 0.121 0.099 0.001
0.997 0.001 0.001 0.001
0.001 0.001 0.01 0.988
0.001 0.079 0.155 0.765
0.769 0.001 0.171 0.059
0.346 0.207 0.377 0.07
>CCATTGTCTT     Sox10(HMG)/SciaticNerve-Sox3-ChIP-Seq(GSE35132)/Homer     P:1.13e-46
0.018 0.444 0.275 0.262
0.001 0.887 0.001 0.111
0.47 0.033 0.001 0.497
0.001 0.036 0.001 0.962
0.001 0.001 0.001 0.997
0.015 0.004 0.98 0.001
0.012 0.001 0.001 0.986
0.074 0.285 0.226 0.415
0.184 0.396 0.169 0.251
0.13 0.313 0.317 0.24
>CTGTCATT     Tgif1(Homeobox)/mES-Tgif1-ChIP-Seq(GSE55404)/Homer     P:1.28e-51
0.114 0.38 0.09 0.415
0.043 0.023 0.008 0.926
0.079 0.037 0.81 0.074
0.443 0.016 0.02 0.521
0.034 0.892 0.026 0.048
0.794 0.057 0.109 0.04
0.248 0.121 0.336 0.295
0.215 0.385 0.155 0.245
>CTTAATCCCT     Otx2(Homeobox)/EpiLC-Otx2-ChIP-Seq(GSE56098)/Homer     P:7.07e-53
0.196 0.271 0.336 0.198
0.158 0.348 0.078 0.416
0.093 0.001 0.001 0.905
0.969 0.001 0.001 0.029
0.997 0.001 0.001 0.001
0.041 0.001 0.089 0.869
0.007 0.924 0.001 0.068
0.01 0.781 0.007 0.202
0.159 0.405 0.082 0.355
0.124 0.283 0.236 0.356
>TAATCCCT     Pitx1(Homeobox)/Chicken-Pitx1-ChIP-Seq(GSE38910)/Homer     P:7.07e-53
0.194 0.016 0.024 0.766
0.86 0.001 0.095 0.044
0.969 0.002 0.004 0.025
0.135 0.042 0.214 0.609
0.054 0.671 0.078 0.197
0.044 0.839 0.006 0.111
0.191 0.477 0.06 0.273
0.187 0.219 0.314 0.28
>GCTAATTA     DLX5(Homeobox)/BasalGanglia-Dlx5-ChIP-seq(GSE124936)/Homer     P:2.27e-47
0.167 0.355 0.281 0.197
0.166 0.285 0.409 0.14
0.081 0.255 0.103 0.561
0.697 0.144 0.102 0.057
0.865 0.037 0.042 0.056
0.063 0.051 0.058 0.828
0.083 0.094 0.115 0.708
0.577 0.05 0.272 0.101
>TGCTAATTAA     Lhx1(Homeobox)/EmbryoCarcinoma-Lhx1-ChIP-Seq(GSE70957)/Homer     P:2.27e-47
0.304 0.202 0.236 0.258
0.25 0.229 0.267 0.254
0.001 0.408 0.212 0.379
0.09 0.193 0.001 0.716
0.779 0.121 0.099 0.001
0.997 0.001 0.001 0.001
0.001 0.001 0.01 0.988
0.001 0.079 0.155 0.765
0.769 0.001 0.171 0.059
0.346 0.207 0.377 0.07
>GAACAATGGC     Sox15(HMG)/CPA-Sox15-ChIP-Seq(GSE62909)/Homer     P:3.01e-39
0.473 0.018 0.439 0.071
0.54 0.094 0.315 0.051
0.997 0.001 0.001 0.001
0.001 0.888 0.11 0.001
0.997 0.001 0.001 0.001
0.978 0.001 0.001 0.02
0.267 0.001 0.015 0.717
0.266 0.021 0.686 0.027
0.224 0.108 0.667 0.001
0.209 0.312 0.174 0.306
>TATGGGGCCA     Zac1(Zf)/Neuro2A-Plagl1-ChIP-Seq(GSE75942)/Homer     P:1.85e-41
0.278 0.283 0.094 0.345
0.446 0.16 0.261 0.133
0.287 0.127 0.216 0.37
0.043 0.131 0.825 0.001
0.467 0.001 0.502 0.03
0.021 0.078 0.9 0.001
0.001 0.001 0.875 0.123
0.001 0.653 0.233 0.113
0.219 0.489 0.104 0.188
0.249 0.396 0.125 0.23
>CCTGGAATGT     TEAD4(TEA)/Tropoblast-Tead4-ChIP-Seq(GSE37350)/Homer     P:6.74e-41
0.061 0.485 0.296 0.158
0.046 0.804 0.036 0.114
0.471 0.006 0.036 0.487
0.025 0.001 0.973 0.001
0.001 0.001 0.997 0.001
0.914 0.017 0.001 0.068
0.997 0.001 0.001 0.001
0.001 0.005 0.001 0.993
0.001 0.027 0.787 0.185
0.001 0.443 0.001 0.555
>CGTTTCCGGA     Fli1(ETS)/CD8-FLI-ChIP-Seq(GSE20898)/Homer     P:2.79e-39
0.186 0.329 0.237 0.249
0.395 0.129 0.326 0.15
0.073 0.421 0.134 0.372
0.246 0.029 0.095 0.63
0.07 0.009 0.078 0.843
0.03 0.88 0.001 0.089
0.001 0.941 0.03 0.028
0.063 0.095 0.565 0.277
0.101 0.258 0.46 0.181
0.22 0.295 0.131 0.355
>CCATTGTTCG     Sox17(HMG)/Endoderm-Sox17-ChIP-Seq(GSE61475)/Homer     P:2.79e-39
0.018 0.444 0.275 0.262
0.001 0.887 0.001 0.111
0.47 0.033 0.001 0.497
0.001 0.036 0.001 0.962
0.001 0.001 0.001 0.997
0.015 0.004 0.98 0.001
0.012 0.001 0.001 0.986
0.074 0.285 0.226 0.415
0.184 0.396 0.169 0.251
0.13 0.313 0.317 0.24
>CCATTGTT     Sox3(HMG)/NPC-Sox3-ChIP-Seq(GSE33059)/Homer     P:4.34e-41
0.019 0.695 0.147 0.139
0.032 0.705 0.003 0.26
0.481 0.001 0.001 0.517
0.001 0.001 0.001 0.997
0.001 0.001 0.001 0.997
0.007 0.027 0.843 0.123
0.056 0.001 0.113 0.83
0.076 0.33 0.185 0.409
>TCCCTAATTA     DLX1(Homeobox)/BasalGanglia-Dlx1-ChIP-seq(GSE124936)/Homer     P:3.56e-38
0.204 0.265 0.326 0.206
0.167 0.374 0.29 0.168
0.228 0.271 0.235 0.267
0.228 0.297 0.273 0.203
0.038 0.272 0.035 0.655
0.66 0.114 0.182 0.044
0.948 0.01 0.007 0.035
0.028 0.024 0.005 0.943
0.041 0.15 0.092 0.717
0.608 0.027 0.269 0.096
>CCCTAATTAG     Lhx1(Homeobox)/EmbryoCarcinoma-Lhx1-ChIP-Seq(GSE70957)/Homer     P:3.56e-38
0.208 0.27 0.286 0.236
0.224 0.263 0.263 0.25
0.207 0.308 0.262 0.222
0.073 0.287 0.036 0.604
0.701 0.119 0.127 0.053
0.936 0.014 0.02 0.03
0.038 0.029 0.01 0.923
0.04 0.137 0.112 0.711
0.692 0.018 0.206 0.084
0.194 0.28 0.36 0.166
>CCTAATTA     DLX5(Homeobox)/BasalGanglia-Dlx5-ChIP-seq(GSE124936)/Homer     P:3.56e-38
0.167 0.355 0.281 0.197
0.166 0.285 0.409 0.14
0.081 0.255 0.103 0.561
0.697 0.144 0.102 0.057
0.865 0.037 0.042 0.056
0.063 0.051 0.058 0.828
0.083 0.094 0.115 0.708
0.577 0.05 0.272 0.101
>TAATTAGC     Lhx2(Homeobox)/HFSC-Lhx2-ChIP-Seq(GSE48068)/Homer     P:3.56e-38
0.001 0.156 0.001 0.842
0.907 0.091 0.001 0.001
0.997 0.001 0.001 0.001
0.001 0.001 0.001 0.997
0.001 0.001 0.15 0.848
0.833 0.001 0.165 0.001
0.224 0.114 0.661 0.001
0.181 0.323 0.265 0.231
>TGCACGTG     NPAS(bHLH)/Liver-NPAS-ChIP-Seq(GSE39860)/Homer     P:1.08e-31
0.265 0.165 0.26 0.31
0.334 0.295 0.27 0.101
0.081 0.896 0.009 0.014
0.951 0.011 0.015 0.023
0.001 0.93 0.001 0.068
0.063 0.001 0.935 0.001
0.014 0.017 0.012 0.957
0.014 0.001 0.969 0.016
>TAGTCTGA     Smad3(MAD)/NPC-Smad3-ChIP-Seq(GSE36673)/Homer     P:1.08e-31
0.143 0.203 0.195 0.459
0.422 0.071 0.001 0.506
0.001 0.001 0.997 0.001
0.001 0.001 0.371 0.627
0.001 0.905 0.001 0.093
0.001 0.001 0.001 0.997
0.353 0.001 0.645 0.001
0.236 0.295 0.353 0.116
>CTGACATT     Tgif1(Homeobox)/mES-Tgif1-ChIP-Seq(GSE55404)/Homer     P:1.08e-31
0.114 0.38 0.09 0.415
0.043 0.023 0.008 0.926
0.079 0.037 0.81 0.074
0.443 0.016 0.02 0.521
0.034 0.892 0.026 0.048
0.794 0.057 0.109 0.04
0.248 0.121 0.336 0.295
0.215 0.385 0.155 0.245
>ATGAATATGC     Pit1(Homeobox)/GCrat-Pit1-ChIP-Seq(GSE58009)/Homer     P:4.68e-51
0.744 0.077 0.037 0.142
0.001 0.001 0.001 0.997
0.104 0.019 0.804 0.073
0.477 0.493 0.001 0.029
0.956 0.005 0.001 0.038
0.02 0.029 0.001 0.95
0.937 0.001 0.044 0.018
0.28 0.087 0.023 0.61
0.258 0.062 0.389 0.292
0.072 0.661 0.043 0.224
>CCATTGTTCT     Sox6(HMG)/Myotubes-Sox6-ChIP-Seq(GSE32627)/Homer     P:4.34e-41
0.018 0.444 0.275 0.262
0.001 0.887 0.001 0.111
0.47 0.033 0.001 0.497
0.001 0.036 0.001 0.962
0.001 0.001 0.001 0.997
0.015 0.004 0.98 0.001
0.012 0.001 0.001 0.986
0.074 0.285 0.226 0.415
0.184 0.396 0.169 0.251
0.13 0.313 0.317 0.24
>CCCATTGTTC     Sox2(HMG)/mES-Sox2-ChIP-Seq(GSE11431)/Homer     P:4.34e-41
0.06 0.378 0.287 0.275
0.005 0.838 0.073 0.084
0.004 0.766 0.001 0.229
0.692 0.001 0.001 0.306
0.001 0.001 0.001 0.997
0.001 0.001 0.001 0.997
0.001 0.001 0.997 0.001
0.001 0.001 0.001 0.997
0.001 0.223 0.051 0.725
0.121 0.592 0.08 0.207
>GCAGCTGGGG     HEB(bHLH)/mES-Heb-ChIP-Seq(GSE53233)/Homer     P:7.38e-42
0.335 0.338 0.292 0.036
0.046 0.79 0.104 0.06
0.777 0.054 0.071 0.098
0.112 0.239 0.513 0.136
0.05 0.537 0.342 0.071
0.093 0.049 0.115 0.743
0.018 0.017 0.936 0.029
0.041 0.265 0.372 0.322
0.191 0.282 0.263 0.264
0.264 0.282 0.205 0.249
>GTGTGTCTGG     Smad4(MAD)/ESC-SMAD4-ChIP-Seq(GSE29422)/Homer     P:7.38e-42
0.225 0.237 0.359 0.179
0.161 0.319 0.33 0.191
0.175 0.366 0.288 0.171
0.097 0.468 0.001 0.433
0.001 0.001 0.997 0.001
0.001 0.001 0.001 0.997
0.001 0.997 0.001 0.001
0.001 0.001 0.001 0.997
0.16 0.001 0.838 0.001
0.001 0.358 0.519 0.122
>CCTTTGTCTT     Sox10(HMG)/SciaticNerve-Sox3-ChIP-Seq(GSE35132)/Homer     P:7.38e-42
0.018 0.444 0.275 0.262
0.001 0.887 0.001 0.111
0.47 0.033 0.001 0.497
0.001 0.036 0.001 0.962
0.001 0.001 0.001 0.997
0.015 0.004 0.98 0.001
0.012 0.001 0.001 0.986
0.074 0.285 0.226 0.415
0.184 0.396 0.169 0.251
0.13 0.313 0.317 0.24
>CTAATTGA     Isl1(Homeobox)/Neuron-Isl1-ChIP-Seq(GSE31456)/Homer     P:1.46e-30
0.017 0.569 0.057 0.357
0.003 0.001 0.001 0.995
0.945 0.001 0.053 0.001
0.997 0.001 0.001 0.001
0.001 0.001 0.352 0.646
0.013 0.001 0.432 0.554
0.101 0.016 0.882 0.001
0.276 0.398 0.25 0.076
>AAAACCACAGGG     RUNX2(Runt)/PCa-RUNX2-ChIP-Seq(GSE33889)/Homer     P:2.64e-39
0.293 0.299 0.206 0.203
0.393 0.225 0.098 0.284
0.468 0.175 0.244 0.113
0.796 0.104 0.099 0.001
0.001 0.997 0.001 0.001
0.001 0.997 0.001 0.001
0.997 0.001 0.001 0.001
0.001 0.997 0.001 0.001
0.997 0.001 0.001 0.001
0.332 0.146 0.324 0.198
0.352 0.213 0.211 0.224
0.249 0.303 0.207 0.241
>TTGTCATT     Tgif1(Homeobox)/mES-Tgif1-ChIP-Seq(GSE55404)/Homer     P:8.75e-42
0.114 0.38 0.09 0.415
0.043 0.023 0.008 0.926
0.079 0.037 0.81 0.074
0.443 0.016 0.02 0.521
0.034 0.892 0.026 0.048
0.794 0.057 0.109 0.04
0.248 0.121 0.336 0.295
0.215 0.385 0.155 0.245
>CTCAGCAGGAGG     Zic2(Zf)/ESC-Zic2-ChIP-Seq(SRP197560)/Homer     P:7.98e-38
0.067 0.902 0.03 0.001
0.373 0.26 0.113 0.253
0.001 0.997 0.001 0.001
0.792 0.076 0.045 0.087
0.012 0.001 0.986 0.001
0.001 0.924 0.001 0.074
0.549 0.001 0.428 0.022
0.022 0.001 0.885 0.092
0.001 0.001 0.997 0.001
0.374 0.025 0.507 0.094
0.176 0.202 0.557 0.065
0.275 0.14 0.462 0.123
>AAAGAGGCCA     Zac1(Zf)/Neuro2A-Plagl1-ChIP-Seq(GSE75942)/Homer     P:3.58e-33
0.278 0.283 0.094 0.345
0.446 0.16 0.261 0.133
0.287 0.127 0.216 0.37
0.043 0.131 0.825 0.001
0.467 0.001 0.502 0.03
0.021 0.078 0.9 0.001
0.001 0.001 0.875 0.123
0.001 0.653 0.233 0.113
0.219 0.489 0.104 0.188
0.249 0.396 0.125 0.23
>TAAGGTCA     THRb(NR)/Liver-NR1A2-ChIP-Seq(GSE52613)/Homer     P:5.26e-34
0.261 0.238 0.045 0.457
0.313 0.174 0.432 0.082
0.799 0.001 0.199 0.001
0.001 0.025 0.973 0.001
0.001 0.016 0.915 0.068
0.204 0.051 0.058 0.687
0.038 0.883 0.036 0.043
0.972 0.001 0.026 0.001
>GAAACTGCCG     BMYB(HTH)/Hela-BMYB-ChIP-Seq(GSE27030)/Homer     P:1.24e-36
0.211 0.282 0.234 0.273
0.31 0.274 0.014 0.402
0.991 0.001 0.001 0.007
0.997 0.001 0.001 0.001
0.008 0.99 0.001 0.001
0.129 0.245 0.303 0.322
0.001 0.001 0.997 0.001
0.209 0.386 0.066 0.339
0.161 0.432 0.004 0.403
0.317 0.234 0.3 0.15
>CTGAAGTGCC     Nkx2.2(Homeobox)/NPC-Nkx2.2-ChIP-Seq(GSE61673)/Homer     P:1.24e-36
0.168 0.325 0.311 0.196
0.021 0.139 0.017 0.823
0.097 0.29 0.24 0.373
0.423 0.001 0.544 0.032
0.997 0.001 0.001 0.001
0.033 0.022 0.913 0.032
0.283 0.003 0.066 0.648
0.038 0.001 0.96 0.001
0.005 0.395 0.464 0.136
0.247 0.291 0.213 0.249
>TGTCACCT     Tgif2(Homeobox)/mES-Tgif2-ChIP-Seq(GSE55404)/Homer     P:1.7e-32
0.006 0.106 0.009 0.879
0.037 0.007 0.885 0.071
0.323 0.152 0.021 0.504
0.024 0.942 0.003 0.031
0.795 0.098 0.079 0.028
0.266 0.182 0.303 0.249
0.211 0.368 0.203 0.219
0.135 0.177 0.185 0.503
>AGGGGCGGGGCC     KLF1(Zf)/HUDEP2-KLF1-CutnRun(GSE136251)/Homer     P:6.94e-18
0.267 0.255 0.359 0.118
0.321 0.021 0.37 0.288
0.139 0.001 0.859 0.001
0.001 0.001 0.997 0.001
0.001 0.001 0.997 0.001
0.046 0.495 0.001 0.458
0.001 0.001 0.997 0.001
0.001 0.001 0.7 0.298
0.158 0.001 0.84 0.001
0.102 0.054 0.75 0.094
0.001 0.821 0.001 0.177
0.207 0.396 0.114 0.283
>GGGGCGGGGC     KLF5(Zf)/LoVo-KLF5-ChIP-Seq(GSE49402)/Homer     P:6.94e-18
0.364 0.055 0.224 0.357
0.116 0.001 0.882 0.001
0.001 0.001 0.997 0.001
0.001 0.001 0.997 0.001
0.081 0.428 0.001 0.49
0.015 0.001 0.972 0.012
0.046 0.023 0.405 0.526
0.055 0.001 0.922 0.022
0.062 0.06 0.694 0.184
0.077 0.756 0.019 0.148
>GGATTTCCTGAC     Etv2(ETS)/ES-ER71-ChIP-Seq(GSE59402)/Homer     P:8.72e-37
0.213 0.301 0.256 0.23
0.17 0.305 0.235 0.29
0.459 0.136 0.266 0.139
0.023 0.475 0.096 0.406
0.273 0.001 0.016 0.71
0.001 0.001 0.001 0.997
0.001 0.997 0.001 0.001
0.001 0.997 0.001 0.001
0.022 0.022 0.378 0.578
0.054 0.241 0.503 0.202
0.214 0.278 0.171 0.336
0.157 0.274 0.275 0.295
>GCAGGTAGAT     ZEB1(Zf)/PDAC-ZEB1-ChIP-Seq(GSE64557)/Homer     P:8.39e-19
0.371 0.355 0.244 0.03
0.01 0.988 0.001 0.001
0.997 0.001 0.001 0.001
0.001 0.009 0.989 0.001
0.001 0.001 0.996 0.002
0.001 0.001 0.001 0.997
0.469 0.001 0.529 0.001
0.279 0.15 0.23 0.34
0.399 0.208 0.269 0.124
0.046 0.382 0.22 0.352
>AAGACCCCCT     LRF(Zf)/Erythroblasts-ZBTB7A-ChIP-Seq(GSE74977)/Homer     P:2.48e-29
0.57 0.058 0.371 0.001
0.476 0.278 0.244 0.001
0.001 0.001 0.997 0.001
0.64 0.358 0.001 0.001
0.001 0.997 0.001 0.001
0.001 0.997 0.001 0.001
0.001 0.997 0.001 0.001
0.001 0.547 0.001 0.451
0.17 0.252 0.19 0.388
0.282 0.295 0.27 0.153
>CTGTCATC     Tgif1(Homeobox)/mES-Tgif1-ChIP-Seq(GSE55404)/Homer     P:3.97e-36
0.114 0.38 0.09 0.415
0.043 0.023 0.008 0.926
0.079 0.037 0.81 0.074
0.443 0.016 0.02 0.521
0.034 0.892 0.026 0.048
0.794 0.057 0.109 0.04
0.248 0.121 0.336 0.295
0.215 0.385 0.155 0.245
>TGTCATCT     Tgif2(Homeobox)/mES-Tgif2-ChIP-Seq(GSE55404)/Homer     P:3.97e-36
0.006 0.106 0.009 0.879
0.037 0.007 0.885 0.071
0.323 0.152 0.021 0.504
0.024 0.942 0.003 0.031
0.795 0.098 0.079 0.028
0.266 0.182 0.303 0.249
0.211 0.368 0.203 0.219
0.135 0.177 0.185 0.503
>CCAGCTGTGC     HEB(bHLH)/mES-Heb-ChIP-Seq(GSE53233)/Homer     P:8.26e-29
0.335 0.338 0.292 0.036
0.046 0.79 0.104 0.06
0.777 0.054 0.071 0.098
0.112 0.239 0.513 0.136
0.05 0.537 0.342 0.071
0.093 0.049 0.115 0.743
0.018 0.017 0.936 0.029
0.041 0.265 0.372 0.322
0.191 0.282 0.263 0.264
0.264 0.282 0.205 0.249
>TTGACAAC     Tgif1(Homeobox)/mES-Tgif1-ChIP-Seq(GSE55404)/Homer     P:8.26e-29
0.114 0.38 0.09 0.415
0.043 0.023 0.008 0.926
0.079 0.037 0.81 0.074
0.443 0.016 0.02 0.521
0.034 0.892 0.026 0.048
0.794 0.057 0.109 0.04
0.248 0.121 0.336 0.295
0.215 0.385 0.155 0.245
>TGTAAACA     Foxo3(Forkhead)/U2OS-Foxo3-ChIP-Seq(E-MTAB-2701)/Homer     P:1.32e-28
0.278 0.134 0.24 0.349
0.048 0.001 0.95 0.001
0.001 0.001 0.001 0.997
0.993 0.005 0.001 0.001
0.997 0.001 0.001 0.001
0.997 0.001 0.001 0.001
0.001 0.997 0.001 0.001
0.997 0.001 0.001 0.001
>TTGTCTGA     Smad3(MAD)/NPC-Smad3-ChIP-Seq(GSE36673)/Homer     P:2.65e-18
0.143 0.203 0.195 0.459
0.422 0.071 0.001 0.506
0.001 0.001 0.997 0.001
0.001 0.001 0.371 0.627
0.001 0.905 0.001 0.093
0.001 0.001 0.001 0.997
0.353 0.001 0.645 0.001
0.236 0.295 0.353 0.116
>TATTGACC     Hnf6b(Homeobox)/LNCaP-Hnf6b-ChIP-Seq(GSE106305)/Homer     P:4.01e-36
0.197 0.171 0.114 0.518
0.997 0.001 0.001 0.001
0.005 0.001 0.001 0.993
0.082 0.102 0.057 0.759
0.001 0.001 0.961 0.037
0.923 0.001 0.075 0.001
0.13 0.364 0.051 0.454
0.12 0.451 0.04 0.389
>CTAATGGG     Isl1(Homeobox)/Neuron-Isl1-ChIP-Seq(GSE31456)/Homer     P:1.47e-22
0.017 0.569 0.057 0.357
0.003 0.001 0.001 0.995
0.945 0.001 0.053 0.001
0.997 0.001 0.001 0.001
0.001 0.001 0.352 0.646
0.013 0.001 0.432 0.554
0.101 0.016 0.882 0.001
0.276 0.398 0.25 0.076
>GCCACGTG     NPAS(bHLH)/Liver-NPAS-ChIP-Seq(GSE39860)/Homer     P:1.82e-29
0.209 0.162 0.449 0.18
0.24 0.235 0.249 0.275
0.027 0.961 0.007 0.005
0.984 0.001 0.004 0.011
0.002 0.929 0.001 0.068
0.095 0.019 0.885 0.001
0.008 0.015 0.002 0.975
0.004 0.002 0.96 0.034
>GGCCACGTGG     n-Myc(bHLH)/mES-nMyc-ChIP-Seq(GSE11431)/Homer     P:1.82e-29
0.251 0.225 0.369 0.155
0.311 0.197 0.336 0.156
0.138 0.504 0.336 0.022
0.001 0.997 0.001 0.001
0.992 0.001 0.006 0.001
0.001 0.932 0.001 0.066
0.112 0.001 0.886 0.001
0.001 0.001 0.001 0.997
0.001 0.001 0.997 0.001
0.023 0.32 0.526 0.13
>TCCTAATTAA     Lhx1(Homeobox)/EmbryoCarcinoma-Lhx1-ChIP-Seq(GSE70957)/Homer     P:2.25e-28
0.304 0.202 0.236 0.258
0.25 0.229 0.267 0.254
0.001 0.408 0.212 0.379
0.09 0.193 0.001 0.716
0.779 0.121 0.099 0.001
0.997 0.001 0.001 0.001
0.001 0.001 0.01 0.988
0.001 0.079 0.155 0.765
0.769 0.001 0.171 0.059
0.346 0.207 0.377 0.07
>GATGACTCAGAC     Fosl2(bZIP)/3T3L1-Fosl2-ChIP-Seq(GSE56872)/Homer     P:1.35e-33
0.276 0.202 0.315 0.207
0.43 0.2 0.274 0.096
0.054 0.023 0.033 0.89
0.029 0.062 0.775 0.134
0.788 0.037 0.038 0.137
0.092 0.402 0.437 0.069
0.073 0.075 0.073 0.779
0.136 0.738 0.093 0.033
0.884 0.031 0.029 0.056
0.088 0.265 0.27 0.377
0.235 0.317 0.171 0.277
0.24 0.313 0.247 0.201
>AGAGAACAATGG     Sox7(HMG)/ESC-Sox7-ChIP-Seq(GSE133899)/Homer     P:7.91e-32
0.247 0.373 0.23 0.15
0.276 0.36 0.313 0.051
0.271 0.186 0.372 0.17
0.4 0.137 0.397 0.066
0.583 0.047 0.353 0.017
0.997 0.001 0.001 0.001
0.001 0.997 0.001 0.001
0.997 0.001 0.001 0.001
0.997 0.001 0.001 0.001
0.079 0.001 0.001 0.919
0.254 0.001 0.712 0.033
0.067 0.15 0.75 0.033
>AAGTAATGAAAA     Hoxd12(Homeobox)/ChickenMSG-Hoxd12.Flag-ChIP-Seq(GSE86088)/Homer     P:8.42e-18
0.367 0.263 0.149 0.221
0.389 0.077 0.271 0.263
0.186 0.143 0.67 0.001
0.022 0.516 0.001 0.461
0.702 0.161 0.105 0.032
0.584 0.288 0.127 0.001
0.001 0.001 0.001 0.997
0.289 0.191 0.462 0.057
0.924 0.001 0.001 0.074
0.997 0.001 0.001 0.001
0.623 0.082 0.11 0.185
0.291 0.233 0.188 0.288
>GAAACTGCTG     BMYB(HTH)/Hela-BMYB-ChIP-Seq(GSE27030)/Homer     P:4.37e-33
0.211 0.282 0.234 0.273
0.31 0.274 0.014 0.402
0.991 0.001 0.001 0.007
0.997 0.001 0.001 0.001
0.008 0.99 0.001 0.001
0.129 0.245 0.303 0.322
0.001 0.001 0.997 0.001
0.209 0.386 0.066 0.339
0.161 0.432 0.004 0.403
0.317 0.234 0.3 0.15
>CCATTGTCTC     Sox10(HMG)/SciaticNerve-Sox3-ChIP-Seq(GSE35132)/Homer     P:2.03e-22
0.018 0.444 0.275 0.262
0.001 0.887 0.001 0.111
0.47 0.033 0.001 0.497
0.001 0.036 0.001 0.962
0.001 0.001 0.001 0.997
0.015 0.004 0.98 0.001
0.012 0.001 0.001 0.986
0.074 0.285 0.226 0.415
0.184 0.396 0.169 0.251
0.13 0.313 0.317 0.24
>GTTAATCCCT     Otx2(Homeobox)/EpiLC-Otx2-ChIP-Seq(GSE56098)/Homer     P:3.3e-41
0.196 0.271 0.336 0.198
0.158 0.348 0.078 0.416
0.093 0.001 0.001 0.905
0.969 0.001 0.001 0.029
0.997 0.001 0.001 0.001
0.041 0.001 0.089 0.869
0.007 0.924 0.001 0.068
0.01 0.781 0.007 0.202
0.159 0.405 0.082 0.355
0.124 0.283 0.236 0.356
>TAAGCAGCTGTA     Ascl1(bHLH)/NeuralTubes-Ascl1-ChIP-Seq(GSE55840)/Homer     P:3.02e-17
0.259 0.228 0.272 0.241
0.218 0.27 0.25 0.263
0.288 0.318 0.337 0.057
0.271 0.315 0.324 0.089
0.078 0.848 0.059 0.015
0.847 0.001 0.001 0.151
0.062 0.085 0.69 0.163
0.233 0.495 0.238 0.034
0.101 0.066 0.063 0.77
0.002 0.001 0.918 0.079
0.079 0.365 0.284 0.272
0.2 0.277 0.202 0.322
>GCAGCTGTAG     HEB(bHLH)/mES-Heb-ChIP-Seq(GSE53233)/Homer     P:3.02e-17
0.335 0.338 0.292 0.036
0.046 0.79 0.104 0.06
0.777 0.054 0.071 0.098
0.112 0.239 0.513 0.136
0.05 0.537 0.342 0.071
0.093 0.049 0.115 0.743
0.018 0.017 0.936 0.029
0.041 0.265 0.372 0.322
0.191 0.282 0.263 0.264
0.264 0.282 0.205 0.249
>AGCAGCTG     SCL(bHLH)/HPC7-Scl-ChIP-Seq(GSE13511)/Homer     P:3.36e-27
0.435 0.178 0.199 0.188
0.261 0.239 0.379 0.121
0.011 0.983 0.003 0.003
0.672 0.047 0.044 0.237
0.01 0.039 0.704 0.247
0.258 0.66 0.078 0.004
0.23 0.035 0.008 0.727
0.037 0.005 0.765 0.193
>AAGACCCCTT     LRF(Zf)/Erythroblasts-ZBTB7A-ChIP-Seq(GSE74977)/Homer     P:1.47e-15
0.57 0.058 0.371 0.001
0.476 0.278 0.244 0.001
0.001 0.001 0.997 0.001
0.64 0.358 0.001 0.001
0.001 0.997 0.001 0.001
0.001 0.997 0.001 0.001
0.001 0.997 0.001 0.001
0.001 0.547 0.001 0.451
0.17 0.252 0.19 0.388
0.282 0.295 0.27 0.153
>GGTCAAAGGTCA     EAR2(NR)/K562-NR2F6-ChIP-Seq(Encode)/Homer     P:5.22e-11
0.205 0.217 0.473 0.105
0.146 0.205 0.398 0.251
0.141 0.292 0.218 0.349
0.209 0.426 0.182 0.183
0.461 0.149 0.184 0.206
0.467 0.036 0.463 0.035
0.688 0.001 0.31 0.001
0.001 0.001 0.995 0.003
0.005 0.001 0.951 0.043
0.007 0.03 0.065 0.898
0.009 0.815 0.04 0.136
0.955 0.001 0.005 0.039
>CAAAGGTCAG     Erra(NR)/HepG2-Erra-ChIP-Seq(GSE31477)/Homer     P:5.22e-11
0.023 0.791 0.047 0.139
0.604 0.358 0.028 0.011
0.682 0.021 0.288 0.009
0.877 0.001 0.118 0.004
0.001 0.001 0.997 0.001
0.015 0.011 0.814 0.159
0.025 0.139 0.176 0.66
0.001 0.985 0.01 0.004
0.971 0.013 0.008 0.008
0.149 0.267 0.491 0.094
>GAAGGTCAAAGGTCA     PPARa(NR),DR1/Liver-Ppara-ChIP-Seq(GSE47954)/Homer     P:5.22e-11
0.254 0.338 0.232 0.176
0.284 0.188 0.202 0.326
0.527 0.021 0.369 0.083
0.124 0.001 0.787 0.088
0.149 0.021 0.711 0.119
0.136 0.162 0.343 0.359
0.117 0.606 0.159 0.118
0.921 0.035 0.029 0.015
0.677 0.045 0.258 0.02
0.872 0.001 0.126 0.001
0.036 0.001 0.947 0.016
0.077 0.006 0.718 0.199
0.067 0.117 0.209 0.607
0.065 0.653 0.129 0.153
0.733 0.073 0.083 0.111
>TGTTAATTAG     Lhx1(Homeobox)/EmbryoCarcinoma-Lhx1-ChIP-Seq(GSE70957)/Homer     P:1.6e-26
0.208 0.27 0.286 0.236
0.224 0.263 0.263 0.25
0.207 0.308 0.262 0.222
0.073 0.287 0.036 0.604
0.701 0.119 0.127 0.053
0.936 0.014 0.02 0.03
0.038 0.029 0.01 0.923
0.04 0.137 0.112 0.711
0.692 0.018 0.206 0.084
0.194 0.28 0.36 0.166
>CCATTGTCCG     Sox10(HMG)/SciaticNerve-Sox3-ChIP-Seq(GSE35132)/Homer     P:5.27e-18
0.018 0.444 0.275 0.262
0.001 0.887 0.001 0.111
0.47 0.033 0.001 0.497
0.001 0.036 0.001 0.962
0.001 0.001 0.001 0.997
0.015 0.004 0.98 0.001
0.012 0.001 0.001 0.986
0.074 0.285 0.226 0.415
0.184 0.396 0.169 0.251
0.13 0.313 0.317 0.24
>CTGTCAGC     Tgif1(Homeobox)/mES-Tgif1-ChIP-Seq(GSE55404)/Homer     P:7.91e-25
0.114 0.38 0.09 0.415
0.043 0.023 0.008 0.926
0.079 0.037 0.81 0.074
0.443 0.016 0.02 0.521
0.034 0.892 0.026 0.048
0.794 0.057 0.109 0.04
0.248 0.121 0.336 0.295
0.215 0.385 0.155 0.245
>GTTCAGAGAGGG     ZNF768(Zf)/Rajj-ZNF768-ChIP-Seq(GSE111879)/Homer     P:4.02e-12
0.355 0.143 0.465 0.036
0.359 0.322 0.071 0.248
0.356 0.251 0.072 0.321
0.001 0.929 0.035 0.035
0.963 0.001 0.001 0.035
0.001 0.036 0.962 0.001
0.713 0.143 0.143 0.001
0.214 0.106 0.609 0.071
0.75 0.035 0.107 0.108
0.107 0.107 0.644 0.142
0.109 0.178 0.535 0.178
0.142 0.213 0.36 0.285
>CCTTTGTCCT     Sox10(HMG)/SciaticNerve-Sox3-ChIP-Seq(GSE35132)/Homer     P:4.89e-18
0.018 0.444 0.275 0.262
0.001 0.887 0.001 0.111
0.47 0.033 0.001 0.497
0.001 0.036 0.001 0.962
0.001 0.001 0.001 0.997
0.015 0.004 0.98 0.001
0.012 0.001 0.001 0.986
0.074 0.285 0.226 0.415
0.184 0.396 0.169 0.251
0.13 0.313 0.317 0.24
>AAAGAGGCCC     Zac1(Zf)/Neuro2A-Plagl1-ChIP-Seq(GSE75942)/Homer     P:6.49e-23
0.278 0.283 0.094 0.345
0.446 0.16 0.261 0.133
0.287 0.127 0.216 0.37
0.043 0.131 0.825 0.001
0.467 0.001 0.502 0.03
0.021 0.078 0.9 0.001
0.001 0.001 0.875 0.123
0.001 0.653 0.233 0.113
0.219 0.489 0.104 0.188
0.249 0.396 0.125 0.23
>CCGTCCTCCC     Znf263(Zf)/K562-Znf263-ChIP-Seq(GSE31477)/Homer     P:2.36e-19
0.152 0.413 0.242 0.193
0.333 0.24 0.309 0.118
0.005 0.334 0.66 0.001
0.001 0.001 0.001 0.997
0.001 0.512 0.486 0.001
0.001 0.997 0.001 0.001
0.001 0.001 0.001 0.997
0.001 0.997 0.001 0.001
0.001 0.997 0.001 0.001
0.138 0.658 0.002 0.203
>GGCAGTTG     MYB(HTH)/ERMYB-Myb-ChIPSeq(GSE22095)/Homer     P:1.11e-18
0.105 0.001 0.843 0.051
0.17 0.001 0.663 0.166
0.001 0.997 0.001 0.001
0.323 0.32 0.355 0.001
0.001 0.001 0.997 0.001
0.001 0.001 0.001 0.997
0.001 0.001 0.001 0.997
0.532 0.001 0.466 0.001
>TTCCGGAGAA     STAT6(Stat)/Macrophage-Stat6-ChIP-Seq(GSE38377)/Homer     P:8.26e-18
0.005 0.007 0.003 0.985
0.005 0.004 0.005 0.986
0.006 0.963 0.005 0.026
0.021 0.824 0.005 0.15
0.165 0.188 0.27 0.376
0.237 0.274 0.222 0.267
0.758 0.007 0.199 0.036
0.005 0.008 0.983 0.004
0.977 0.006 0.008 0.009
0.984 0.007 0.004 0.005
>ACTAATCCTT     Otx2(Homeobox)/EpiLC-Otx2-ChIP-Seq(GSE56098)/Homer     P:3.83e-20
0.196 0.271 0.336 0.198
0.158 0.348 0.078 0.416
0.093 0.001 0.001 0.905
0.969 0.001 0.001 0.029
0.997 0.001 0.001 0.001
0.041 0.001 0.089 0.869
0.007 0.924 0.001 0.068
0.01 0.781 0.007 0.202
0.159 0.405 0.082 0.355
0.124 0.283 0.236 0.356
>AGATAACA     GATA3(Zf)/iTreg-Gata3-ChIP-Seq(GSE20898)/Homer     P:4.85e-17
0.662 0.066 0.006 0.266
0.001 0.007 0.991 0.001
0.989 0.004 0.001 0.006
0.002 0.023 0.001 0.974
0.825 0.061 0.011 0.103
0.778 0.048 0.129 0.045
0.184 0.401 0.348 0.067
0.433 0.167 0.359 0.041
>AAACAATGGC     Sox15(HMG)/CPA-Sox15-ChIP-Seq(GSE62909)/Homer     P:1.43e-17
0.473 0.018 0.439 0.071
0.54 0.094 0.315 0.051
0.997 0.001 0.001 0.001
0.001 0.888 0.11 0.001
0.997 0.001 0.001 0.001
0.978 0.001 0.001 0.02
0.267 0.001 0.015 0.717
0.266 0.021 0.686 0.027
0.224 0.108 0.667 0.001
0.209 0.312 0.174 0.306
>TGCATTCCAG     TEAD3(TEA)/HepG2-TEAD3-ChIP-Seq(Encode)/Homer     P:2.04e-24
0.152 0.266 0.155 0.427
0.484 0.001 0.5 0.015
0.267 0.675 0.057 0.001
0.997 0.001 0.001 0.001
0.001 0.001 0.001 0.997
0.07 0.001 0.001 0.928
0.001 0.997 0.001 0.001
0.001 0.997 0.001 0.001
0.862 0.027 0.061 0.05
0.165 0.155 0.498 0.182
>AACCAGCTGT     BHLHA15(bHLH)/NIH3T3-BHLHB8.HA-ChIP-Seq(GSE119782)/Homer     P:1.05e-21
0.322 0.237 0.217 0.223
0.419 0.25 0.207 0.123
0.33 0.268 0.115 0.287
0.014 0.955 0.014 0.017
0.941 0.017 0.018 0.024
0.02 0.02 0.913 0.047
0.06 0.899 0.021 0.02
0.022 0.019 0.017 0.942
0.017 0.016 0.954 0.013
0.244 0.1 0.288 0.368
>TAACCAGCTGTC     Ascl1(bHLH)/NeuralTubes-Ascl1-ChIP-Seq(GSE55840)/Homer     P:1.05e-21
0.259 0.228 0.272 0.241
0.218 0.27 0.25 0.263
0.288 0.318 0.337 0.057
0.271 0.315 0.324 0.089
0.078 0.848 0.059 0.015
0.847 0.001 0.001 0.151
0.062 0.085 0.69 0.163
0.233 0.495 0.238 0.034
0.101 0.066 0.063 0.77
0.002 0.001 0.918 0.079
0.079 0.365 0.284 0.272
0.2 0.277 0.202 0.322
>CCAGCTGTCC     Twist2(bHLH)/Myoblast-Twist2.Ty1-ChIP-Seq(GSE127998)/Homer     P:1.05e-21
0.335 0.338 0.292 0.036
0.046 0.79 0.104 0.06
0.777 0.054 0.071 0.098
0.112 0.239 0.513 0.136
0.05 0.537 0.342 0.071
0.093 0.049 0.115 0.743
0.018 0.017 0.936 0.029
0.041 0.265 0.372 0.322
0.191 0.282 0.263 0.264
0.264 0.282 0.205 0.249
>ACCAGCTG     SCL(bHLH)/HPC7-Scl-ChIP-Seq(GSE13511)/Homer     P:1.05e-21
0.435 0.178 0.199 0.188
0.261 0.239 0.379 0.121
0.011 0.983 0.003 0.003
0.672 0.047 0.044 0.237
0.01 0.039 0.704 0.247
0.258 0.66 0.078 0.004
0.23 0.035 0.008 0.727
0.037 0.005 0.765 0.193
>TGTTTCCGGT     Fli1(ETS)/CD8-FLI-ChIP-Seq(GSE20898)/Homer     P:3.56e-14
0.245 0.301 0.189 0.266
0.451 0.072 0.355 0.122
0.019 0.405 0.18 0.396
0.2 0.001 0.007 0.792
0.029 0.001 0.009 0.961
0.013 0.972 0.002 0.013
0.001 0.996 0.001 0.002
0.001 0.006 0.879 0.114
0.065 0.135 0.674 0.126
0.186 0.252 0.195 0.368
>CCATTGTTTC     Sox6(HMG)/Myotubes-Sox6-ChIP-Seq(GSE32627)/Homer     P:3.56e-14
0.018 0.444 0.275 0.262
0.001 0.887 0.001 0.111
0.47 0.033 0.001 0.497
0.001 0.036 0.001 0.962
0.001 0.001 0.001 0.997
0.015 0.004 0.98 0.001
0.012 0.001 0.001 0.986
0.074 0.285 0.226 0.415
0.184 0.396 0.169 0.251
0.13 0.313 0.317 0.24
>GAACAATGGA     Sox15(HMG)/CPA-Sox15-ChIP-Seq(GSE62909)/Homer     P:2.86e-22
0.473 0.018 0.439 0.071
0.54 0.094 0.315 0.051
0.997 0.001 0.001 0.001
0.001 0.888 0.11 0.001
0.997 0.001 0.001 0.001
0.978 0.001 0.001 0.02
0.267 0.001 0.015 0.717
0.266 0.021 0.686 0.027
0.224 0.108 0.667 0.001
0.209 0.312 0.174 0.306
>ACAGAACAATGG     Sox7(HMG)/ESC-Sox7-ChIP-Seq(GSE133899)/Homer     P:2.86e-22
0.247 0.373 0.23 0.15
0.276 0.36 0.313 0.051
0.271 0.186 0.372 0.17
0.4 0.137 0.397 0.066
0.583 0.047 0.353 0.017
0.997 0.001 0.001 0.001
0.001 0.997 0.001 0.001
0.997 0.001 0.001 0.001
0.997 0.001 0.001 0.001
0.079 0.001 0.001 0.919
0.254 0.001 0.712 0.033
0.067 0.15 0.75 0.033
>CCATTGTCCT     Sox10(HMG)/SciaticNerve-Sox3-ChIP-Seq(GSE35132)/Homer     P:4.32e-19
0.018 0.444 0.275 0.262
0.001 0.887 0.001 0.111
0.47 0.033 0.001 0.497
0.001 0.036 0.001 0.962
0.001 0.001 0.001 0.997
0.015 0.004 0.98 0.001
0.012 0.001 0.001 0.986
0.074 0.285 0.226 0.415
0.184 0.396 0.169 0.251
0.13 0.313 0.317 0.24
>CAGAATCAAT     Cux2(Homeobox)/Liver-Cux2-ChIP-Seq(GSE35985)/Homer     P:2.59e-12
0.354 0.21 0.193 0.242
0.167 0.218 0.311 0.303
0.373 0.213 0.224 0.19
0.632 0.001 0.361 0.006
0.959 0.001 0.039 0.001
0.001 0.001 0.024 0.974
0.008 0.964 0.027 0.001
0.773 0.001 0.225 0.001
0.997 0.001 0.001 0.001
0.014 0.001 0.001 0.984
>AACTTCCGGC     Fli1(ETS)/CD8-FLI-ChIP-Seq(GSE20898)/Homer     P:1.68e-21
0.204 0.342 0.189 0.265
0.484 0.138 0.248 0.13
0.041 0.529 0.166 0.264
0.098 0.01 0.022 0.87
0.031 0.021 0.024 0.924
0.009 0.969 0.01 0.012
0.004 0.974 0.016 0.006
0.005 0.013 0.827 0.155
0.074 0.157 0.63 0.139
0.189 0.305 0.147 0.359
>GACACCTGCC     E2A(bHLH),near_PU.1/Bcell-PU.1-ChIP-Seq(GSE21512)/Homer     P:3.53e-16
0.218 0.303 0.259 0.22
0.316 0.261 0.257 0.166
0.001 0.997 0.001 0.001
0.997 0.001 0.001 0.001
0.001 0.997 0.001 0.001
0.001 0.997 0.001 0.001
0.001 0.001 0.001 0.997
0.001 0.001 0.997 0.001
0.135 0.37 0.251 0.244
0.279 0.268 0.213 0.24
>TTGACATT     Tgif1(Homeobox)/mES-Tgif1-ChIP-Seq(GSE55404)/Homer     P:1.36e-11
0.114 0.38 0.09 0.415
0.043 0.023 0.008 0.926
0.079 0.037 0.81 0.074
